3 0.722656 0.471068 0.0265625 0.173591
6 0.244141 0.603116 0.0976562 0.149852
3 0.720312 0.527448 0.0359375 0.256677
6 0.366016 0.769288 0.0992187 0.209199
3 0.683594 0.531157 0.0375 0.169139
5 0.241797 0.604599 0.0976562 0.137982
5 0.366016 0.767804 0.103906 0.197329
5 0.494141 0.509644 0.0835937 0.203264
5 0.370313 0.569733 0.08125 0.20178
6 0.5625 0.866469 0.15 0.234421
5 0.176563 0.847923 0.160938 0.232938
5 0.562891 0.867211 0.142969 0.238872
6 0.176953 0.848665 0.155469 0.243323
6 0.495313 0.511128 0.0859375 0.194362
