5 0.14375 0.524481 0.1 0.22997
5 0.245312 0.586795 0.1 0.161721
6 0.591797 0.933234 0.169531 0.133531
5 0.492969 0.506677 0.078125 0.188427
3 0.833594 0.845697 0.0421875 0.151335
5 0.523828 0.62908 0.111719 0.353116
6 0.179688 0.853116 0.151562 0.25816
5 0.607813 0.50816 0.08125 0.143917
3 0.741797 0.424332 0.0367187 0.186944
5 0.369531 0.687685 0.10625 0.419881
5 0.370313 0.571958 0.08125 0.218101
5 0.176563 0.847923 0.1625 0.238872
3 0.683984 0.528932 0.0367187 0.161721
3 0.75625 0.490356 0.0375 0.18546
