6 0.613672 0.526706 0.0882813 0.133531
5 0.614844 0.534125 0.0890625 0.154303
3 0.862891 0.488872 0.0289063 0.126113
6 0.592969 0.924332 0.171875 0.151335
5 0.144141 0.537834 0.0976562 0.188427
5 0.528125 0.66543 0.101562 0.238872
5 0.244531 0.589763 0.1 0.155786
5 0.492188 0.506677 0.0796875 0.188427
3 0.536719 0.434718 0.0296875 0.106825
5 0.369922 0.697329 0.105469 0.400593
3 0.832422 0.847181 0.0414063 0.139466
5 0.176172 0.847181 0.160156 0.237389
3 0.802344 0.503709 0.0375 0.143917
5 0.369922 0.570475 0.0820312 0.212166
3 0.684375 0.514095 0.0328125 0.152819
3 0.834766 0.499258 0.0304688 0.143917
3 0.759766 0.505193 0.0304688 0.149852
