5 0.493359 0.52003 0.0820312 0.215134
3 0.984375 0.710683 0.03125 0.139466
5 0.591406 0.924332 0.164062 0.151335
3 0.0757812 0.502226 0.028125 0.149852
3 0.800781 0.468101 0.0390625 0.0964392
5 0.145313 0.524481 0.096875 0.206231
6 0.592969 0.924332 0.164062 0.151335
5 0.244141 0.587537 0.0992187 0.166172
3 0.832422 0.824184 0.0539063 0.221068
6 0.179688 0.850148 0.15 0.25816
5 0.521484 0.624629 0.116406 0.37092
3 0.231641 0.429525 0.0351562 0.0905045
5 0.369141 0.688427 0.107031 0.418398
5 0.369922 0.571958 0.0820312 0.218101
5 0.176563 0.845697 0.159375 0.237389
3 0.683984 0.537092 0.0367187 0.175074
3 0.920313 0.602374 0.040625 0.139466
3 0.760156 0.510386 0.034375 0.163205
