6 0.494141 0.511128 0.0789063 0.200297
5 0.496484 0.506677 0.0820312 0.179525
5 0.143359 0.534125 0.0960938 0.186944
5 0.523047 0.638724 0.113281 0.348665
6 0.592578 0.925074 0.164844 0.149852
5 0.242969 0.588279 0.0984375 0.158754
3 0.832812 0.848665 0.0390625 0.136499
6 0.179297 0.852374 0.150781 0.259644
3 0.830469 0.494065 0.046875 0.195846
5 0.369531 0.683976 0.10625 0.4273
5 0.369922 0.570475 0.0820312 0.22997
5 0.176172 0.847181 0.160156 0.237389
3 0.810156 0.493323 0.0484375 0.197329
3 0.684375 0.521513 0.034375 0.167656
3 0.759375 0.50816 0.0328125 0.152819
