3 0.804688 0.498516 0.034375 0.127596
5 0.591406 0.924332 0.164062 0.151335
6 0.593359 0.924332 0.167969 0.151335
5 0.24375 0.589763 0.0984375 0.158754
6 0.179297 0.851632 0.150781 0.261128
3 0.371484 0.429525 0.0242187 0.0875371
5 0.523828 0.643917 0.111719 0.323442
3 0.588672 0.379822 0.0492188 0.0919881
5 0.370313 0.570475 0.08125 0.232938
5 0.370313 0.683234 0.107813 0.434718
5 0.175781 0.846439 0.160938 0.238872
3 0.818359 0.514837 0.0554687 0.15727
3 0.683203 0.52819 0.0367187 0.175074
3 0.836328 0.514837 0.0367187 0.163205
3 0.760547 0.506677 0.0320312 0.149852
