5 0.142969 0.534866 0.0984375 0.18546
5 0.24375 0.589021 0.0984375 0.160237
3 0.832812 0.839021 0.034375 0.135015
5 0.529297 0.668398 0.100781 0.232938
5 0.494922 0.503709 0.0835937 0.18546
6 0.179297 0.851632 0.150781 0.25816
6 0.594531 0.92359 0.160938 0.152819
3 0.834766 0.501484 0.0398437 0.151335
6 0.751953 0.867211 0.192969 0.250742
5 0.369922 0.689169 0.107031 0.419881
5 0.369531 0.569733 0.08125 0.225519
5 0.176172 0.847181 0.160156 0.237389
3 0.803516 0.502226 0.0398437 0.143917
3 0.683594 0.522255 0.034375 0.166172
3 0.759766 0.508902 0.0320312 0.154303
