3 0.537109 0.232196 0.0320312 0.105341
5 0.143359 0.539317 0.0976562 0.191395
5 0.492969 0.509644 0.078125 0.203264
6 0.593359 0.925816 0.169531 0.148368
5 0.244531 0.591246 0.1 0.152819
5 0.522656 0.620178 0.1125 0.373887
3 0.832031 0.846439 0.040625 0.135015
3 0.858594 0.486647 0.0296875 0.124629
5 0.369922 0.692137 0.107031 0.413947
3 0.683984 0.509644 0.0320312 0.143917
5 0.370313 0.571217 0.08125 0.222552
5 0.176563 0.847181 0.159375 0.237389
3 0.835547 0.499258 0.0320312 0.149852
3 0.802734 0.503709 0.0382813 0.143917
3 0.759766 0.505193 0.0304688 0.149852
