3 0.189063 0.422849 0.025 0.121662
3 0.825 0.80638 0.05625 0.221068
5 0.24375 0.586795 0.0984375 0.161721
5 0.592578 0.925816 0.164844 0.148368
6 0.59375 0.925816 0.165625 0.148368
3 0.0753906 0.508902 0.0320312 0.160237
5 0.520703 0.626113 0.117969 0.373887
3 0.835156 0.847181 0.04375 0.169139
5 0.370313 0.571958 0.0828125 0.212166
5 0.369531 0.686944 0.10625 0.418398
5 0.176953 0.845697 0.160156 0.237389
3 0.984766 0.696588 0.0304688 0.167656
3 0.683984 0.534125 0.0351562 0.172107
3 0.761719 0.50816 0.0375 0.161721
