6 0.593359 0.929525 0.164844 0.14095
5 0.495313 0.503709 0.08125 0.167656
5 0.141797 0.535608 0.0992187 0.210682
5 0.244141 0.587537 0.0992187 0.160237
6 0.590625 0.447329 0.0609375 0.0994065
3 0.833984 0.845697 0.0414063 0.151335
5 0.526172 0.649852 0.107031 0.320475
3 0.166797 0.426558 0.0257812 0.0905045
5 0.370313 0.687685 0.107813 0.422849
5 0.369922 0.571217 0.0820312 0.219585
5 0.176953 0.847181 0.160156 0.237389
3 0.684375 0.523739 0.034375 0.169139
3 0.762109 0.498516 0.0367187 0.175074
