5 0.591797 0.924332 0.163281 0.151335
3 0.832422 0.844214 0.0429688 0.154303
6 0.593359 0.924332 0.167969 0.151335
5 0.24375 0.589763 0.0984375 0.158754
5 0.523438 0.646142 0.1125 0.321958
6 0.179297 0.851632 0.150781 0.261128
3 0.364453 0.429525 0.0226563 0.0994065
5 0.370313 0.571958 0.0828125 0.227003
5 0.369531 0.684718 0.107813 0.428783
5 0.175781 0.847181 0.160938 0.240356
3 0.807031 0.505935 0.0375 0.145401
3 0.683594 0.527448 0.0359375 0.173591
3 0.557031 0.376855 0.0484375 0.0712166
3 0.836328 0.518546 0.0367187 0.158754
3 0.760547 0.506677 0.0320312 0.149852
