5 0.495313 0.506677 0.084375 0.188427
6 0.59375 0.924332 0.171875 0.151335
5 0.14375 0.537092 0.096875 0.189911
3 0.860156 0.488872 0.034375 0.12908
3 0.550781 0.442878 0.025 0.114243
5 0.244531 0.589021 0.1 0.154303
6 0.179688 0.852374 0.151562 0.259644
5 0.521094 0.616469 0.117188 0.375371
3 0.832422 0.847181 0.0414063 0.142433
3 0.80625 0.499258 0.040625 0.149852
5 0.369922 0.689911 0.107031 0.418398
5 0.369531 0.570475 0.08125 0.224036
5 0.176172 0.848665 0.160156 0.237389
3 0.835156 0.497774 0.03125 0.146884
3 0.685156 0.517062 0.0328125 0.161721
3 0.760156 0.505935 0.03125 0.151335
