3 0.720703 0.479228 0.0242187 0.160237
6 0.242969 0.599407 0.1 0.148368
3 0.831641 0.839021 0.0382813 0.12908
3 0.716406 0.525223 0.034375 0.225519
5 0.778516 0.893917 0.180469 0.206231
6 0.494922 0.511869 0.0835937 0.189911
3 0.767578 0.704748 0.0445312 0.163205
5 0.535937 0.709941 0.107813 0.235905
5 0.242578 0.598665 0.0945313 0.161721
5 0.493359 0.509644 0.0820312 0.200297
5 0.367969 0.684718 0.10625 0.402077
5 0.369531 0.571958 0.08125 0.221068
5 0.175781 0.845697 0.160938 0.237389
3 0.682813 0.527448 0.0359375 0.176558
