3 0.721484 0.473294 0.0257812 0.183976
6 0.243359 0.599407 0.0992187 0.145401
5 0.369531 0.719585 0.107813 0.332344
3 0.767187 0.703264 0.04375 0.181009
3 0.721094 0.528932 0.0359375 0.265579
6 0.179688 0.850148 0.15625 0.243323
3 0.835156 0.843472 0.04375 0.155786
5 0.242188 0.599407 0.09375 0.160237
5 0.49375 0.506677 0.08125 0.197329
5 0.542188 0.736647 0.1125 0.24184
5 0.371094 0.568249 0.0796875 0.219585
3 0.681641 0.522255 0.0367187 0.172107
5 0.176563 0.846439 0.159375 0.235905
6 0.495313 0.510386 0.084375 0.186944
