3 0.829297 0.506677 0.0335938 0.161721
5 0.592188 0.926558 0.157813 0.146884
6 0.494141 0.510386 0.0804688 0.207715
6 0.592969 0.924332 0.167187 0.151335
5 0.530469 0.67359 0.101562 0.216617
5 0.494531 0.514095 0.0796875 0.203264
3 0.362109 0.375371 0.0460938 0.0830861
5 0.244531 0.591988 0.1 0.15727
5 0.367578 0.689169 0.107031 0.396142
3 0.816406 0.49184 0.0390625 0.170623
5 0.370703 0.569733 0.0804688 0.219585
5 0.176172 0.846439 0.160156 0.238872
3 0.683594 0.526706 0.0359375 0.172107
3 0.857813 0.563798 0.040625 0.142433
3 0.759766 0.507418 0.0335938 0.142433
