5 0.780469 0.899852 0.209375 0.200297
3 0.83125 0.835312 0.034375 0.127596
5 0.244141 0.590504 0.0992187 0.160237
5 0.525391 0.648368 0.108594 0.317507
5 0.495313 0.503709 0.08125 0.176558
6 0.780469 0.899852 0.196875 0.194362
6 0.179297 0.851632 0.150781 0.25816
6 0.592188 0.924332 0.1625 0.151335
3 0.444141 0.425074 0.0242187 0.0994065
3 0.837109 0.505193 0.0445312 0.143917
5 0.369922 0.689911 0.105469 0.41543
3 0.803516 0.502967 0.0398437 0.145401
5 0.369531 0.570475 0.08125 0.224036
5 0.176172 0.847181 0.160156 0.237389
3 0.683203 0.522255 0.0335938 0.166172
3 0.759375 0.509644 0.0328125 0.158754
