3 0.834375 0.841246 0.0359375 0.130564
5 0.495313 0.502967 0.0859375 0.195846
5 0.591797 0.925816 0.152344 0.148368
6 0.726953 0.827151 0.167969 0.268546
5 0.242578 0.593472 0.0929687 0.181009
3 0.830078 0.50816 0.0507812 0.158754
6 0.59375 0.925074 0.15625 0.149852
6 0.179297 0.851632 0.150781 0.25816
5 0.521484 0.620178 0.116406 0.376855
5 0.727734 0.824184 0.167969 0.256677
5 0.367969 0.687685 0.10625 0.396142
3 0.801953 0.502967 0.0382813 0.145401
5 0.369922 0.569733 0.0804688 0.222552
5 0.176172 0.847181 0.160156 0.237389
3 0.683594 0.520772 0.034375 0.163205
3 0.759766 0.508902 0.0320312 0.154303
