5 0.141406 0.532641 0.0984375 0.192878
5 0.591797 0.925074 0.163281 0.149852
3 0.832422 0.843472 0.0429688 0.152819
3 0.807422 0.502967 0.0273438 0.136499
6 0.59375 0.925074 0.167187 0.149852
5 0.525 0.655044 0.107813 0.29822
5 0.24375 0.589763 0.0984375 0.158754
6 0.179297 0.849407 0.157031 0.247774
3 0.526953 0.371662 0.0445312 0.0637982
5 0.370313 0.686202 0.10625 0.431751
5 0.370313 0.569733 0.08125 0.240356
5 0.175781 0.847181 0.160938 0.240356
3 0.819922 0.50816 0.0476562 0.155786
3 0.683594 0.52819 0.0359375 0.175074
3 0.834766 0.520772 0.0398437 0.163205
3 0.760938 0.507418 0.0328125 0.151335
