5 0.590234 0.925074 0.161719 0.149852
6 0.592578 0.925816 0.163281 0.148368
5 0.53125 0.678042 0.1 0.204748
5 0.243359 0.574184 0.0976562 0.216617
3 0.919141 0.638724 0.0414063 0.132047
5 0.492578 0.50816 0.0804688 0.197329
3 0.0792969 0.554896 0.0335938 0.178042
5 0.370313 0.571958 0.0828125 0.224036
5 0.369922 0.687685 0.107031 0.419881
5 0.176953 0.847181 0.161719 0.240356
3 0.823047 0.805638 0.0695312 0.216617
3 0.683984 0.512611 0.0351562 0.173591
3 0.878125 0.555638 0.0375 0.117211
3 0.760156 0.505193 0.034375 0.152819
