5 0.144141 0.538576 0.0976562 0.189911
6 0.593359 0.925074 0.171094 0.149852
5 0.492969 0.502226 0.0828125 0.182493
5 0.244141 0.590504 0.0992187 0.154303
6 0.622266 0.557122 0.102344 0.155786
5 0.527734 0.66543 0.100781 0.247774
3 0.835156 0.499258 0.03125 0.146884
5 0.369531 0.692878 0.10625 0.412463
3 0.832422 0.847181 0.0414063 0.139466
3 0.863281 0.485163 0.03125 0.139466
5 0.369922 0.571217 0.0820312 0.216617
5 0.176172 0.847181 0.160156 0.237389
3 0.685156 0.513353 0.0328125 0.154303
3 0.803125 0.502967 0.0390625 0.145401
3 0.759375 0.505193 0.03125 0.149852
