3 0.723437 0.606083 0.0390625 0.152819
3 0.363281 0.441395 0.0265625 0.0994065
6 0.592188 0.933234 0.165625 0.133531
5 0.144141 0.531899 0.0992187 0.191395
5 0.369141 0.573442 0.0835937 0.238872
3 0.764844 0.707715 0.0390625 0.151335
5 0.242969 0.587537 0.0984375 0.160237
5 0.522656 0.630564 0.115625 0.347181
3 0.682031 0.509644 0.0328125 0.155786
5 0.369531 0.68546 0.107813 0.430267
5 0.176563 0.846439 0.159375 0.238872
3 0.834375 0.841988 0.0390625 0.143917
3 0.766406 0.511869 0.034375 0.136499
