5 0.591797 0.924332 0.166406 0.151335
3 0.832422 0.844214 0.0429688 0.154303
6 0.593359 0.925074 0.169531 0.149852
3 0.467187 0.376113 0.04375 0.0845697
5 0.530469 0.672849 0.101562 0.221068
5 0.24375 0.591246 0.0984375 0.158754
3 0.341406 0.4273 0.0265625 0.0949555
6 0.179688 0.85089 0.15625 0.247774
5 0.370313 0.687685 0.10625 0.431751
5 0.370313 0.568991 0.08125 0.232938
5 0.175781 0.846439 0.160938 0.238872
3 0.815234 0.503709 0.0414063 0.146884
3 0.683594 0.529674 0.0375 0.175074
3 0.840234 0.52819 0.0429688 0.163205
3 0.760547 0.50816 0.0335938 0.149852
