5 0.49375 0.506677 0.0828125 0.18546
5 0.244922 0.59273 0.0992187 0.155786
6 0.641797 0.603858 0.116406 0.175074
6 0.592969 0.925074 0.16875 0.149852
5 0.64375 0.598665 0.107813 0.176558
5 0.523438 0.625371 0.114063 0.369436
6 0.179688 0.851632 0.151562 0.25816
3 0.831641 0.846439 0.0398437 0.132047
3 0.683203 0.512611 0.0335938 0.14095
5 0.369531 0.691395 0.10625 0.412463
5 0.369922 0.569733 0.0804688 0.222552
5 0.176172 0.846439 0.160156 0.235905
3 0.802344 0.504451 0.0359375 0.145401
3 0.837891 0.503709 0.0398437 0.14095
3 0.759766 0.505935 0.0304688 0.148368
