6 0.494531 0.505193 0.0828125 0.182493
6 0.595312 0.47181 0.078125 0.103858
6 0.592578 0.933234 0.169531 0.133531
5 0.596875 0.471068 0.0765625 0.117211
5 0.245703 0.588279 0.0992187 0.158754
3 0.123047 0.437685 0.0257812 0.10089
5 0.529297 0.67359 0.102344 0.222552
3 0.833984 0.845697 0.0414063 0.151335
5 0.493359 0.503709 0.0804688 0.182493
6 0.179688 0.85089 0.15625 0.247774
5 0.370313 0.688427 0.10625 0.418398
5 0.369922 0.571217 0.0820312 0.216617
5 0.176953 0.847181 0.161719 0.237389
3 0.684375 0.527448 0.034375 0.167656
3 0.760547 0.496291 0.0335938 0.182493
