5 0.145313 0.51632 0.103125 0.231454
5 0.503125 0.543027 0.103125 0.27003
3 0.791406 0.464392 0.0359375 0.115727
3 0.0765625 0.522255 0.0359375 0.181009
3 0.824609 0.804896 0.0554687 0.224036
5 0.591406 0.924332 0.164062 0.151335
6 0.593359 0.924332 0.163281 0.151335
5 0.24375 0.590504 0.1 0.160237
6 0.179688 0.85089 0.15 0.256677
3 0.835156 0.845697 0.04375 0.172107
5 0.520703 0.627596 0.116406 0.367953
5 0.370703 0.571958 0.0820312 0.215134
5 0.369141 0.686944 0.107031 0.418398
5 0.176953 0.845697 0.160156 0.237389
3 0.0628906 0.527448 0.0335938 0.179525
3 0.963672 0.667656 0.0460938 0.148368
3 0.684766 0.53635 0.0351562 0.176558
3 0.760938 0.50816 0.0375 0.167656
