5 0.61875 0.548961 0.0890625 0.151335
6 0.619141 0.546736 0.0992187 0.143917
6 0.593359 0.924332 0.171094 0.151335
5 0.144141 0.537092 0.0976562 0.186944
5 0.244141 0.589763 0.100781 0.155786
5 0.493359 0.5 0.0835937 0.183976
5 0.523438 0.634273 0.107813 0.336795
3 0.8625 0.485905 0.0296875 0.135015
5 0.369922 0.698813 0.105469 0.397626
3 0.832422 0.846439 0.0414063 0.137982
3 0.835938 0.498516 0.0328125 0.151335
3 0.684766 0.513353 0.0320312 0.151335
5 0.176172 0.847181 0.160156 0.237389
5 0.369922 0.571217 0.0820312 0.21365
3 0.803125 0.503709 0.0375 0.143917
3 0.759766 0.504451 0.0304688 0.148368
