5 0.495703 0.502226 0.0820312 0.170623
6 0.592969 0.924332 0.167187 0.151335
5 0.245703 0.589021 0.0976562 0.163205
5 0.523047 0.635015 0.113281 0.347181
3 0.833203 0.849407 0.0398437 0.135015
6 0.177344 0.848665 0.157813 0.249258
5 0.369922 0.571958 0.0820312 0.224036
5 0.369141 0.682493 0.107031 0.4273
5 0.177344 0.847923 0.160938 0.238872
3 0.833203 0.489614 0.0351562 0.148368
3 0.805078 0.497033 0.0382813 0.142433
3 0.680469 0.480712 0.03125 0.195846
3 0.108984 0.638724 0.0476562 0.158754
3 0.760156 0.506677 0.03125 0.149852
