3 0.948047 0.66543 0.0476562 0.132047
3 0.80625 0.466617 0.03125 0.102374
5 0.142969 0.52819 0.103125 0.20178
5 0.590625 0.924332 0.164062 0.151335
3 0.829687 0.828635 0.0484375 0.191395
5 0.494141 0.508902 0.0804688 0.198813
6 0.592969 0.925074 0.164062 0.149852
5 0.242969 0.586795 0.0921875 0.194362
5 0.529688 0.676558 0.101562 0.216617
3 0.0652344 0.522997 0.0335938 0.173591
6 0.179688 0.85089 0.15625 0.244807
5 0.370313 0.571958 0.08125 0.218101
5 0.369141 0.691395 0.107031 0.409496
5 0.176563 0.846439 0.160938 0.238872
3 0.683594 0.526706 0.0375 0.178042
3 0.896094 0.577151 0.04375 0.136499
3 0.760547 0.509644 0.0335938 0.158754
