6 0.595703 0.505935 0.0851562 0.124629
6 0.593359 0.924332 0.172656 0.151335
3 0.0308594 0.779674 0.0476562 0.161721
5 0.244141 0.589763 0.0992187 0.155786
5 0.6 0.5 0.0875 0.130564
6 0.179297 0.851632 0.150781 0.25816
5 0.370313 0.692878 0.10625 0.412463
3 0.832812 0.845697 0.040625 0.142433
5 0.519922 0.614243 0.119531 0.379822
5 0.175781 0.847923 0.159375 0.238872
5 0.369531 0.568991 0.08125 0.221068
3 0.808203 0.500742 0.0429688 0.146884
3 0.684766 0.520772 0.0335938 0.160237
3 0.835547 0.498516 0.0335938 0.148368
3 0.760156 0.505193 0.03125 0.152819
