6 0.68125 0.712166 0.132812 0.21365
5 0.141797 0.531157 0.0992187 0.189911
5 0.494922 0.500742 0.0820312 0.191395
6 0.595312 0.926558 0.160938 0.146884
5 0.593359 0.924332 0.164844 0.151335
5 0.684766 0.710683 0.139844 0.222552
5 0.522656 0.623887 0.115625 0.378338
5 0.242578 0.594214 0.0929687 0.176558
6 0.179297 0.851632 0.150781 0.25816
5 0.369922 0.691395 0.105469 0.41543
5 0.369922 0.568991 0.0804688 0.227003
3 0.833594 0.847181 0.040625 0.139466
5 0.176172 0.847181 0.160156 0.237389
3 0.802734 0.502967 0.0382813 0.142433
3 0.684375 0.517062 0.034375 0.158754
3 0.839063 0.497774 0.0390625 0.14095
3 0.759375 0.506677 0.03125 0.149852
