6 0.494531 0.509644 0.08125 0.209199
3 0.325391 0.414688 0.0257812 0.0964392
3 0.833203 0.529674 0.0445312 0.154303
5 0.591406 0.924332 0.165625 0.151335
6 0.592969 0.924332 0.167187 0.151335
5 0.244141 0.589021 0.0992187 0.160237
5 0.494922 0.50816 0.0820312 0.182493
5 0.530859 0.675074 0.100781 0.21365
6 0.179297 0.851632 0.150781 0.261128
5 0.367578 0.686944 0.107031 0.400593
3 0.819922 0.505193 0.0382813 0.137982
5 0.370313 0.569733 0.0796875 0.225519
5 0.175781 0.846439 0.160938 0.238872
3 0.683984 0.525964 0.0351562 0.170623
3 0.855078 0.560831 0.0382813 0.142433
3 0.760156 0.505193 0.0328125 0.143917
