3 0.0542969 0.43546 0.0210938 0.0994065
6 0.49375 0.508902 0.08125 0.189911
5 0.242188 0.591246 0.09375 0.179525
5 0.617969 0.537092 0.1 0.142433
3 0.685938 0.518546 0.03125 0.158754
6 0.592578 0.933234 0.167969 0.133531
5 0.523047 0.635015 0.110156 0.338279
5 0.492578 0.511869 0.0789063 0.192878
3 0.2 0.488872 0.0375 0.12908
5 0.367969 0.683234 0.10625 0.410979
5 0.176953 0.845697 0.160156 0.234421
5 0.369922 0.570475 0.0804688 0.22997
6 0.616406 0.538576 0.0875 0.136499
3 0.761719 0.505193 0.034375 0.149852
