6 0.494922 0.507418 0.0804688 0.198813
5 0.494922 0.505193 0.0820312 0.173591
5 0.144141 0.531899 0.0976562 0.188427
5 0.524219 0.642433 0.110937 0.338279
6 0.592578 0.925074 0.164844 0.149852
5 0.241406 0.593472 0.0921875 0.178042
3 0.832031 0.849407 0.0390625 0.137982
6 0.179688 0.851632 0.15625 0.246291
3 0.396875 0.446588 0.025 0.121662
5 0.36875 0.569733 0.0828125 0.234421
5 0.367969 0.680267 0.10625 0.413947
3 0.801953 0.504451 0.0398437 0.148368
3 0.683203 0.362018 0.0335938 0.127596
5 0.176172 0.847923 0.160156 0.235905
3 0.836719 0.522255 0.0328125 0.154303
3 0.684375 0.52003 0.034375 0.161721
3 0.759766 0.508902 0.0320312 0.151335
