3 0.237891 0.425074 0.0273438 0.0905045
5 0.591406 0.924332 0.164062 0.151335
6 0.592969 0.924332 0.164062 0.151335
5 0.145313 0.52819 0.096875 0.20178
5 0.242578 0.590504 0.0929687 0.183976
6 0.179688 0.850148 0.154687 0.246291
3 0.803125 0.467359 0.0359375 0.10089
3 0.83125 0.828635 0.0484375 0.197329
5 0.520312 0.623887 0.117188 0.369436
5 0.370313 0.573442 0.0828125 0.215134
5 0.369141 0.688427 0.107031 0.41543
3 0.0730469 0.519288 0.0335938 0.181009
5 0.176563 0.845697 0.159375 0.237389
3 0.683984 0.534125 0.0367187 0.175074
3 0.911328 0.589021 0.0382813 0.154303
3 0.760547 0.509644 0.0335938 0.161721
