5 0.592188 0.925816 0.15625 0.148368
3 0.936328 0.651335 0.0445312 0.127596
5 0.494531 0.514095 0.08125 0.212166
5 0.142578 0.529674 0.103906 0.198813
5 0.529688 0.670623 0.101562 0.222552
6 0.592969 0.925074 0.165625 0.149852
5 0.244141 0.590504 0.0992187 0.160237
3 0.808594 0.46365 0.028125 0.111276
3 0.0585938 0.523739 0.040625 0.163205
6 0.179688 0.85089 0.151562 0.259644
5 0.370703 0.571217 0.0804688 0.216617
5 0.369141 0.692137 0.107031 0.408012
5 0.176563 0.845697 0.160938 0.240356
3 0.684766 0.525223 0.0351562 0.175074
3 0.887109 0.566024 0.0398437 0.137982
3 0.760547 0.511128 0.0351562 0.158754
