3 0.0636719 0.717359 0.0554687 0.155786
6 0.592969 0.924332 0.167187 0.151335
3 0.615625 0.429525 0.025 0.0845697
5 0.244141 0.589763 0.0992187 0.161721
3 0.858203 0.482196 0.0273438 0.118694
6 0.180078 0.848665 0.157031 0.246291
5 0.522656 0.630564 0.114063 0.353116
3 0.839063 0.494807 0.0421875 0.126113
3 0.833984 0.850148 0.0398437 0.136499
5 0.369922 0.571958 0.0820312 0.227003
5 0.176953 0.845697 0.160156 0.237389
5 0.369141 0.682493 0.108594 0.4273
3 0.803125 0.505193 0.0375 0.137982
3 0.684375 0.521513 0.034375 0.164688
3 0.759766 0.505193 0.0304688 0.149852
