3 0.823828 0.804896 0.0648438 0.221068
5 0.591797 0.925816 0.158594 0.148368
3 0.078125 0.54451 0.0328125 0.151335
5 0.494531 0.514837 0.08125 0.21365
3 0.856641 0.553412 0.0351562 0.166172
5 0.524609 0.647626 0.108594 0.318991
6 0.592969 0.924332 0.16875 0.151335
5 0.244531 0.590504 0.0984375 0.160237
6 0.179688 0.850148 0.15625 0.246291
5 0.369531 0.689169 0.107813 0.416914
5 0.370313 0.570475 0.08125 0.224036
3 0.848047 0.521513 0.0367187 0.14095
5 0.176563 0.846439 0.160938 0.238872
3 0.880078 0.587537 0.0476562 0.160237
3 0.683984 0.525223 0.0351562 0.175074
3 0.760156 0.509644 0.0359375 0.149852
