6 0.593359 0.92359 0.167969 0.152819
3 0.833203 0.847181 0.0382813 0.133531
5 0.24375 0.589021 0.0984375 0.163205
6 0.179688 0.85089 0.151562 0.256677
5 0.523047 0.634273 0.113281 0.345697
5 0.370313 0.5727 0.0828125 0.228487
3 0.648828 0.432493 0.0273438 0.102374
5 0.176953 0.845697 0.160156 0.237389
5 0.369141 0.681751 0.108594 0.428783
3 0.835547 0.494065 0.0335938 0.142433
3 0.805078 0.498516 0.0382813 0.139466
3 0.685547 0.523739 0.0335938 0.169139
3 0.0902344 0.675074 0.0476562 0.169139
3 0.759766 0.505935 0.0304688 0.151335
