3 0.857422 0.480712 0.0273438 0.11276
3 0.833203 0.847181 0.0382813 0.133531
6 0.593359 0.924332 0.166406 0.151335
3 0.843359 0.493323 0.0398437 0.126113
5 0.244141 0.589763 0.0992187 0.161721
6 0.180078 0.85089 0.150781 0.256677
5 0.523047 0.637982 0.111719 0.338279
3 0.620703 0.431751 0.0257812 0.10089
5 0.370313 0.5727 0.0828125 0.228487
5 0.176953 0.846439 0.160156 0.238872
5 0.36875 0.682493 0.107813 0.4273
3 0.805078 0.498516 0.0382813 0.136499
3 0.684766 0.523739 0.0351562 0.166172
3 0.0667969 0.707715 0.0539063 0.172107
3 0.759766 0.505193 0.0304688 0.149852
