6 0.494141 0.507418 0.0820312 0.186944
5 0.245703 0.586795 0.0992187 0.152819
5 0.146094 0.51632 0.104687 0.228487
6 0.592578 0.932493 0.166406 0.135015
3 0.684766 0.517062 0.0320312 0.155786
5 0.492969 0.507418 0.078125 0.181009
6 0.614844 0.518546 0.090625 0.152819
5 0.614453 0.521513 0.0945313 0.14095
5 0.523438 0.632047 0.109375 0.347181
5 0.367969 0.684718 0.10625 0.408012
3 0.191406 0.474777 0.0328125 0.15727
5 0.369922 0.571217 0.0804688 0.228487
5 0.176953 0.845697 0.160156 0.234421
3 0.761719 0.503709 0.0328125 0.152819
