6 0.593359 0.933976 0.166406 0.132047
3 0.723437 0.605341 0.0390625 0.160237
5 0.7875 0.903561 0.19375 0.189911
5 0.24375 0.594214 0.0984375 0.155786
6 0.179297 0.851632 0.150781 0.25816
3 0.764844 0.712166 0.040625 0.148368
6 0.788672 0.900593 0.197656 0.198813
3 0.683594 0.512611 0.03125 0.155786
3 0.307031 0.460682 0.025 0.114243
5 0.521875 0.624629 0.11875 0.367953
5 0.370313 0.686202 0.107813 0.434718
5 0.369531 0.569733 0.0796875 0.234421
5 0.176563 0.846439 0.160938 0.238872
3 0.763672 0.510386 0.0335938 0.145401
