5 0.594922 0.936202 0.158594 0.127596
6 0.629687 0.421365 0.09375 0.106825
6 0.592969 0.933976 0.160938 0.132047
5 0.244141 0.591988 0.0992187 0.154303
3 0.682422 0.520772 0.0335938 0.154303
3 0.715625 0.583828 0.04375 0.194362
5 0.745313 0.824926 0.171875 0.240356
6 0.179297 0.851632 0.150781 0.25816
6 0.742969 0.832344 0.173438 0.243323
5 0.369531 0.570475 0.0796875 0.22997
5 0.370313 0.68546 0.107813 0.433234
5 0.520312 0.62092 0.121875 0.378338
5 0.176563 0.846439 0.160938 0.238872
3 0.292188 0.468101 0.028125 0.114243
3 0.761719 0.512611 0.0359375 0.152819
