5 0.503906 0.54451 0.104687 0.27003
5 0.144531 0.523739 0.1 0.210682
5 0.591016 0.924332 0.163281 0.151335
3 0.833594 0.82641 0.053125 0.222552
3 0.0636719 0.534125 0.0460938 0.169139
6 0.593359 0.924332 0.163281 0.151335
5 0.24375 0.588279 0.1 0.164688
3 0.799219 0.46365 0.034375 0.111276
3 0.0449219 0.529674 0.0335938 0.222552
5 0.521094 0.628338 0.115625 0.363501
5 0.369922 0.571958 0.0820312 0.215134
5 0.369531 0.688427 0.10625 0.418398
5 0.176563 0.845697 0.159375 0.237389
3 0.0804688 0.51632 0.0328125 0.183976
3 0.684375 0.537092 0.0359375 0.178042
3 0.937109 0.634273 0.0429688 0.161721
3 0.760156 0.511128 0.0359375 0.164688
