5 0.14375 0.52819 0.101562 0.198813
3 0.245312 0.419881 0.0328125 0.0919881
5 0.591016 0.924332 0.164844 0.151335
6 0.592578 0.924332 0.164844 0.151335
3 0.832422 0.824184 0.0523437 0.215134
5 0.242578 0.589763 0.0929687 0.188427
6 0.179688 0.85089 0.15 0.256677
3 0.804297 0.46365 0.0289063 0.126113
5 0.521875 0.632789 0.114063 0.354599
3 0.960156 0.691395 0.0453125 0.133531
5 0.369922 0.690653 0.107031 0.413947
5 0.370313 0.571958 0.0828125 0.218101
3 0.0722656 0.525964 0.0335938 0.194362
5 0.176953 0.846439 0.160156 0.238872
3 0.684766 0.532641 0.0367187 0.175074
3 0.760156 0.509644 0.034375 0.161721
3 0.902734 0.582344 0.0414063 0.135015
