3 0.828906 0.833086 0.0484375 0.164688
5 0.592188 0.925074 0.164062 0.149852
6 0.593359 0.924332 0.167969 0.151335
3 0.501172 0.380564 0.0429688 0.0875371
5 0.530469 0.672107 0.101562 0.219585
5 0.24375 0.589763 0.0984375 0.158754
6 0.179297 0.851632 0.150781 0.261128
3 0.351172 0.436944 0.0273438 0.0994065
5 0.370313 0.692137 0.10625 0.419881
5 0.370703 0.569733 0.0820312 0.231454
3 0.812891 0.500742 0.0414063 0.152819
5 0.175781 0.846439 0.160938 0.238872
3 0.683203 0.52819 0.0367187 0.175074
3 0.837891 0.52819 0.0414063 0.163205
3 0.760547 0.505935 0.0320312 0.148368
