5 0.495703 0.505193 0.0820312 0.173591
6 0.592969 0.92359 0.167187 0.152819
5 0.245312 0.588279 0.0984375 0.161721
5 0.523438 0.636499 0.1125 0.347181
3 0.833594 0.850148 0.0390625 0.136499
6 0.177344 0.847181 0.157813 0.249258
5 0.369922 0.571958 0.0820312 0.227003
3 0.682422 0.51632 0.0382813 0.192878
5 0.176953 0.846439 0.161719 0.238872
5 0.36875 0.681751 0.107813 0.428783
3 0.831641 0.490356 0.0367187 0.146884
3 0.670313 0.467359 0.0328125 0.175074
3 0.805469 0.497033 0.0390625 0.139466
3 0.101562 0.661721 0.046875 0.169139
3 0.759766 0.506677 0.0304688 0.149852
