5 0.142969 0.53635 0.096875 0.18546
6 0.59375 0.924332 0.171875 0.151335
5 0.494922 0.510386 0.0835937 0.183976
5 0.24375 0.589763 0.1 0.155786
6 0.178906 0.852374 0.151562 0.259644
5 0.519922 0.617211 0.119531 0.373887
3 0.832422 0.846439 0.0414063 0.143917
5 0.369922 0.692878 0.107031 0.412463
5 0.175781 0.847923 0.160938 0.238872
5 0.369531 0.568991 0.08125 0.221068
3 0.835938 0.496291 0.0296875 0.143917
3 0.684375 0.515579 0.0328125 0.155786
3 0.805078 0.498516 0.0398437 0.142433
3 0.759766 0.505193 0.0304688 0.152819
