5 0.494531 0.501484 0.08125 0.181009
5 0.594922 0.936944 0.160156 0.126113
3 0.764844 0.70549 0.0390625 0.158754
6 0.592578 0.458457 0.0695312 0.0860534
3 0.351172 0.450297 0.0226563 0.0994065
6 0.592578 0.933234 0.166406 0.133531
5 0.369141 0.574926 0.0835937 0.232938
5 0.242969 0.589763 0.0984375 0.155786
5 0.144141 0.529674 0.0976562 0.195846
5 0.523438 0.639466 0.1125 0.329377
3 0.834375 0.840504 0.0390625 0.146884
3 0.682813 0.511128 0.0328125 0.155786
5 0.369531 0.688427 0.107813 0.424332
5 0.176563 0.846439 0.159375 0.238872
3 0.764844 0.514837 0.0375 0.142433
