5 0.592188 0.925816 0.159375 0.148368
3 0.0785156 0.543769 0.0320312 0.146884
5 0.494141 0.513353 0.0820312 0.21365
3 0.876172 0.575668 0.0539063 0.178042
3 0.823438 0.804154 0.0609375 0.210682
6 0.592969 0.924332 0.16875 0.151335
3 0.896875 0.609792 0.040625 0.145401
5 0.525 0.646142 0.107813 0.321958
5 0.244141 0.589763 0.0992187 0.158754
6 0.179297 0.85089 0.150781 0.259644
5 0.369922 0.571217 0.0820312 0.222552
5 0.369531 0.689169 0.107813 0.416914
5 0.176172 0.846439 0.161719 0.238872
3 0.685156 0.525223 0.034375 0.175074
3 0.864062 0.551187 0.040625 0.137982
3 0.760156 0.506677 0.034375 0.149852
