3 0.078125 0.543027 0.03125 0.145401
3 0.823438 0.802671 0.0640625 0.21365
5 0.591797 0.926558 0.158594 0.146884
6 0.494922 0.511869 0.0804688 0.21365
5 0.529688 0.668398 0.101562 0.224036
6 0.592578 0.924332 0.167969 0.151335
5 0.494531 0.514095 0.0796875 0.212166
5 0.244531 0.590504 0.0984375 0.15727
3 0.851562 0.539317 0.0515625 0.176558
6 0.179297 0.851632 0.150781 0.261128
5 0.369141 0.689169 0.107031 0.419881
5 0.370313 0.570475 0.08125 0.221068
5 0.175781 0.846439 0.160938 0.238872
3 0.840234 0.512611 0.0382813 0.152819
3 0.683203 0.527448 0.0367187 0.173591
3 0.867969 0.571217 0.040625 0.133531
3 0.760156 0.508902 0.0359375 0.145401
