3 0.859375 0.489614 0.0359375 0.127596
6 0.610937 0.518546 0.0921875 0.14095
6 0.593359 0.924332 0.172656 0.151335
5 0.614844 0.527448 0.090625 0.158754
5 0.14375 0.537092 0.096875 0.189911
5 0.494531 0.508902 0.0796875 0.210682
5 0.24375 0.589021 0.1 0.15727
3 0.545703 0.431009 0.0226563 0.105341
6 0.179297 0.852374 0.152344 0.259644
5 0.520703 0.616469 0.117969 0.372404
5 0.367578 0.692137 0.107031 0.38724
3 0.832422 0.847181 0.0414063 0.142433
3 0.802344 0.502967 0.0390625 0.145401
5 0.176172 0.847181 0.160156 0.237389
3 0.835547 0.498516 0.0320312 0.151335
5 0.369531 0.569733 0.08125 0.219585
3 0.684375 0.517062 0.0328125 0.158754
3 0.759766 0.505935 0.0304688 0.151335
