5 0.143359 0.533383 0.0992187 0.18546
5 0.494531 0.501484 0.0828125 0.192878
5 0.712891 0.768546 0.147656 0.246291
6 0.592969 0.924332 0.160938 0.151335
5 0.522266 0.623145 0.114844 0.373887
5 0.242578 0.59273 0.0929687 0.179525
6 0.179297 0.851632 0.150781 0.25816
3 0.836719 0.496291 0.0359375 0.146884
3 0.801953 0.502967 0.0367187 0.142433
5 0.369922 0.691395 0.105469 0.41543
5 0.369531 0.569733 0.08125 0.225519
3 0.834375 0.847923 0.0390625 0.137982
5 0.176563 0.847181 0.159375 0.237389
3 0.684375 0.52003 0.034375 0.164688
3 0.759375 0.507418 0.03125 0.151335
