5 0.14375 0.532641 0.096875 0.186944
3 0.377344 0.428042 0.025 0.0964392
6 0.592969 0.925074 0.165625 0.149852
5 0.241797 0.591246 0.0929687 0.179525
5 0.369141 0.571958 0.0820312 0.232938
5 0.522656 0.627596 0.1125 0.367953
6 0.179688 0.853116 0.151562 0.25816
3 0.832812 0.851632 0.0390625 0.136499
3 0.803906 0.505935 0.0421875 0.145401
5 0.369141 0.681009 0.107031 0.433234
5 0.176172 0.847923 0.160156 0.235905
3 0.684766 0.521513 0.0351562 0.170623
3 0.615234 0.377596 0.0460938 0.0934718
3 0.837109 0.510386 0.0351562 0.166172
3 0.760156 0.509644 0.0328125 0.155786
