5 0.592578 0.926558 0.158594 0.146884
3 0.826563 0.511869 0.05 0.189911
5 0.495313 0.505193 0.08125 0.179525
3 0.338281 0.433234 0.0234375 0.103858
5 0.524609 0.648368 0.110156 0.317507
6 0.592969 0.924332 0.16875 0.151335
5 0.24375 0.589021 0.0984375 0.160237
3 0.442187 0.374629 0.0453125 0.0756677
6 0.179688 0.850148 0.15625 0.249258
5 0.369922 0.681751 0.107031 0.437685
5 0.369922 0.568991 0.0804688 0.235905
3 0.813672 0.498516 0.0367187 0.142433
5 0.175781 0.846439 0.160938 0.238872
3 0.683984 0.527448 0.0351562 0.173591
3 0.843359 0.532641 0.0445312 0.154303
3 0.760156 0.505935 0.0328125 0.145401
