6 0.494141 0.511128 0.0789063 0.197329
5 0.497266 0.505935 0.0835937 0.178042
5 0.142969 0.534125 0.096875 0.183976
5 0.524609 0.646884 0.111719 0.329377
3 0.832812 0.848665 0.0390625 0.139466
5 0.242969 0.589021 0.0984375 0.15727
6 0.592578 0.925074 0.164844 0.149852
6 0.179297 0.852374 0.150781 0.256677
3 0.812109 0.500742 0.0476562 0.158754
5 0.369531 0.68546 0.10625 0.4273
5 0.369531 0.570475 0.08125 0.22997
3 0.833594 0.500742 0.0359375 0.161721
5 0.176172 0.847923 0.160156 0.235905
3 0.415234 0.461424 0.0273438 0.160237
3 0.684766 0.521513 0.0335938 0.167656
3 0.759375 0.509644 0.0328125 0.155786
