5 0.495703 0.506677 0.0820312 0.173591
6 0.592969 0.92359 0.167187 0.152819
3 0.833594 0.849407 0.0390625 0.137982
5 0.245312 0.589021 0.0984375 0.163205
5 0.523438 0.640208 0.110937 0.336795
6 0.177344 0.847181 0.157813 0.249258
5 0.369922 0.5727 0.0820312 0.228487
5 0.176953 0.846439 0.161719 0.238872
5 0.369141 0.681751 0.108594 0.428783
3 0.685156 0.524481 0.034375 0.179525
3 0.805469 0.497033 0.0390625 0.139466
3 0.832812 0.492582 0.040625 0.145401
3 0.0988281 0.663205 0.0492188 0.183976
3 0.660547 0.45178 0.0320312 0.146884
3 0.759766 0.505935 0.0304688 0.151335
