5 0.495703 0.503709 0.0820312 0.170623
6 0.592969 0.92359 0.167187 0.152819
5 0.244531 0.588279 0.0984375 0.161721
3 0.833594 0.848665 0.0390625 0.136499
5 0.523438 0.637982 0.1125 0.338279
6 0.179688 0.85089 0.151562 0.256677
5 0.369922 0.5727 0.0820312 0.228487
5 0.177344 0.846439 0.160938 0.238872
5 0.369141 0.681751 0.108594 0.428783
3 0.805078 0.497774 0.0382813 0.137982
3 0.835547 0.494065 0.0351562 0.139466
3 0.685938 0.522997 0.0328125 0.173591
3 0.0945313 0.66543 0.0484375 0.182493
3 0.656641 0.45178 0.0320312 0.143917
3 0.759766 0.505935 0.0304688 0.151335
