3 0.764453 0.708457 0.0398437 0.152819
3 0.829687 0.830861 0.0421875 0.169139
6 0.244531 0.599407 0.0953125 0.151335
6 0.370703 0.571958 0.0820312 0.200297
3 0.720703 0.52819 0.0367187 0.267062
5 0.241797 0.604599 0.0976562 0.137982
5 0.366016 0.767804 0.102344 0.200297
5 0.549219 0.810089 0.13125 0.240356
6 0.495313 0.510386 0.0859375 0.195846
6 0.550391 0.810089 0.132031 0.249258
5 0.369531 0.571217 0.08125 0.183976
6 0.176563 0.846439 0.15625 0.24184
3 0.683984 0.531899 0.0367187 0.182493
5 0.49375 0.509644 0.084375 0.206231
5 0.176172 0.845697 0.160156 0.234421
