5 0.591016 0.924332 0.163281 0.151335
3 0.0828125 0.52003 0.034375 0.191395
5 0.242188 0.590504 0.0921875 0.186944
6 0.592969 0.924332 0.1625 0.151335
3 0.795703 0.466617 0.0351562 0.126113
6 0.179688 0.85089 0.15 0.256677
3 0.835156 0.844214 0.04375 0.181009
5 0.520312 0.626855 0.117188 0.366469
3 0.0585938 0.531157 0.0390625 0.183976
5 0.369922 0.571217 0.0820312 0.21365
5 0.369531 0.686944 0.10625 0.418398
5 0.176953 0.845697 0.160156 0.237389
3 0.684766 0.537092 0.0351562 0.178042
3 0.954687 0.649852 0.0453125 0.145401
3 0.760938 0.509644 0.0359375 0.164688
