3 0.824219 0.805638 0.0609375 0.216617
5 0.592188 0.925816 0.159375 0.148368
5 0.494141 0.514837 0.0820312 0.210682
5 0.525391 0.650593 0.107031 0.310089
6 0.592969 0.925074 0.16875 0.149852
5 0.243359 0.588279 0.0992187 0.161721
6 0.179688 0.85089 0.151562 0.259644
5 0.369531 0.691395 0.107813 0.412463
3 0.885938 0.589021 0.046875 0.163205
5 0.369922 0.570475 0.0820312 0.224036
5 0.176563 0.846439 0.160938 0.238872
3 0.684375 0.522255 0.034375 0.169139
3 0.858203 0.548961 0.0429688 0.151335
3 0.760156 0.507418 0.034375 0.148368
