3 0.832812 0.847181 0.0375 0.133531
6 0.592969 0.92359 0.167187 0.152819
5 0.244141 0.589763 0.0976562 0.161721
6 0.180078 0.848665 0.157031 0.246291
5 0.522656 0.632047 0.1125 0.350148
5 0.369922 0.571958 0.0820312 0.22997
3 0.636328 0.436202 0.0289063 0.106825
5 0.177344 0.846439 0.160938 0.235905
5 0.369141 0.682493 0.108594 0.4273
3 0.805859 0.499258 0.0398437 0.14095
3 0.833984 0.494065 0.0367187 0.139466
3 0.685156 0.524481 0.034375 0.167656
3 0.08125 0.682493 0.05 0.172107
3 0.759766 0.505935 0.0304688 0.151335
