5 0.494141 0.504451 0.0804688 0.178042
5 0.594922 0.936944 0.160156 0.126113
3 0.723047 0.603858 0.0382813 0.160237
6 0.592578 0.933234 0.164844 0.133531
5 0.144141 0.52819 0.0992187 0.195846
3 0.765234 0.707715 0.0398437 0.154303
5 0.242969 0.591988 0.0984375 0.154303
5 0.369531 0.571958 0.0828125 0.24184
5 0.522656 0.631306 0.115625 0.348665
3 0.682813 0.513353 0.03125 0.154303
3 0.347656 0.454006 0.028125 0.118694
5 0.369531 0.683976 0.107813 0.436202
5 0.176563 0.846439 0.159375 0.238872
3 0.834766 0.840504 0.0398437 0.146884
3 0.765234 0.513353 0.0351562 0.142433
