6 0.49375 0.509644 0.078125 0.194362
5 0.142969 0.531157 0.096875 0.186944
5 0.495703 0.504451 0.0820312 0.172107
5 0.528906 0.668398 0.101562 0.232938
6 0.592578 0.925074 0.164844 0.149852
5 0.243359 0.589763 0.0992187 0.155786
3 0.832812 0.848665 0.0390625 0.139466
6 0.179688 0.851632 0.15625 0.246291
5 0.367969 0.684718 0.10625 0.405044
5 0.369141 0.570475 0.0820312 0.227003
5 0.176172 0.847923 0.160156 0.235905
3 0.408594 0.459941 0.025 0.15727
3 0.804297 0.505193 0.0398437 0.146884
3 0.833203 0.515579 0.0445312 0.143917
3 0.685156 0.522255 0.034375 0.169139
3 0.759766 0.511128 0.0320312 0.161721
