3 0.830859 0.83457 0.0367187 0.132047
5 0.142578 0.534125 0.0992187 0.186944
5 0.244141 0.589763 0.0992187 0.158754
5 0.529297 0.669881 0.100781 0.227003
5 0.495313 0.502967 0.0828125 0.178042
6 0.591797 0.924332 0.163281 0.151335
6 0.179688 0.85089 0.157813 0.250742
5 0.369922 0.684718 0.107031 0.425816
5 0.175781 0.847181 0.160938 0.237389
3 0.803125 0.502967 0.0390625 0.145401
5 0.369531 0.570475 0.08125 0.227003
3 0.835547 0.494807 0.0367187 0.164688
3 0.683594 0.522255 0.034375 0.169139
3 0.759375 0.509644 0.0328125 0.155786
