5 0.495703 0.504451 0.0820312 0.175074
6 0.244531 0.591246 0.096875 0.161721
5 0.246094 0.589763 0.0984375 0.161721
6 0.592578 0.924332 0.166406 0.151335
5 0.523047 0.630564 0.113281 0.353116
6 0.177344 0.848665 0.157813 0.249258
5 0.370313 0.5727 0.0828125 0.222552
3 0.833203 0.850148 0.0398437 0.133531
5 0.369141 0.682493 0.107031 0.424332
5 0.176953 0.847923 0.161719 0.238872
3 0.804688 0.497774 0.0390625 0.14095
3 0.832812 0.488872 0.0375 0.152819
3 0.685547 0.505193 0.0320312 0.188427
3 0.111328 0.639466 0.0476562 0.163205
3 0.759766 0.505935 0.0304688 0.148368
