5 0.595312 0.936944 0.159375 0.126113
6 0.592578 0.933234 0.164844 0.133531
5 0.369141 0.575668 0.0820312 0.222552
3 0.764844 0.709199 0.0390625 0.154303
5 0.242578 0.58457 0.0976562 0.166172
6 0.591016 0.470326 0.0664062 0.0979228
5 0.14375 0.531899 0.0984375 0.188427
5 0.522266 0.624629 0.116406 0.367953
3 0.834375 0.841246 0.0390625 0.145401
5 0.176172 0.846439 0.160156 0.238872
5 0.369141 0.683976 0.107031 0.424332
3 0.683594 0.505935 0.0328125 0.160237
3 0.770312 0.514837 0.0359375 0.145401
