5 0.591797 0.926558 0.158594 0.146884
3 0.0777344 0.543027 0.0320312 0.145401
5 0.529688 0.668398 0.101562 0.224036
5 0.49375 0.511869 0.078125 0.20178
6 0.592578 0.924332 0.167969 0.151335
3 0.835156 0.512611 0.04375 0.176558
5 0.244141 0.590504 0.0992187 0.15727
3 0.823828 0.475519 0.0398437 0.176558
5 0.369531 0.690653 0.10625 0.416914
5 0.370703 0.569733 0.0804688 0.225519
5 0.175781 0.846439 0.160938 0.238872
3 0.863281 0.569733 0.0421875 0.142433
3 0.683594 0.527448 0.0359375 0.173591
3 0.760156 0.50816 0.034375 0.146884
