6 0.728906 0.059375 0.123438 0.118750
6 0.153906 0.827344 0.307812 0.345313
6 0.375000 0.389062 0.231250 0.403125
5 0.095313 0.543750 0.190625 0.481250
5 0.793750 0.775000 0.256250 0.450000
5 0.873437 0.335938 0.159375 0.346875
6 0.523438 0.121094 0.171875 0.235938
5 0.892188 0.054688 0.118750 0.109375
8 0.493750 0.668750 0.312500 0.662500
3 0.301563 0.221094 0.075000 0.242187
3 0.189063 0.260156 0.068750 0.232813
3 0.170313 0.101562 0.065625 0.200000
3 0.341406 0.083594 0.079687 0.167187
3 0.425000 0.070313 0.037500 0.140625
