5 0.542969 0.600000 0.264063 0.490625
5 0.817969 0.539063 0.198437 0.509375
5 0.357812 0.389062 0.250000 0.412500
6 0.208594 0.309375 0.204688 0.368750
6 0.639844 0.267188 0.173437 0.293750
6 0.892188 0.203125 0.162500 0.321875
6 0.163281 0.785937 0.326562 0.428125
6 0.789844 0.921875 0.220312 0.156250
8 0.056250 0.316406 0.112500 0.423438
6 0.510156 0.132813 0.170313 0.256250
4 0.732812 0.070313 0.146875 0.140625
3 0.362500 0.135156 0.068750 0.154688
3 0.267188 0.105469 0.053125 0.085938
3 0.032031 0.726562 0.064063 0.334375
