6 0.247656 0.705469 0.298438 0.423438
6 0.870313 0.292969 0.143750 0.270313
5 0.709375 0.127344 0.168750 0.254688
5 0.480469 0.180469 0.189062 0.326563
5 0.077344 0.603125 0.154688 0.503125
5 0.760938 0.805469 0.296875 0.389062
6 0.563281 0.601562 0.217188 0.440625
3 0.251563 0.406250 0.068750 0.221875
3 0.170313 0.257812 0.068750 0.237500
3 0.053125 0.242188 0.087500 0.281250
3 0.160938 0.123438 0.081250 0.221875
3 0.293750 0.242188 0.071875 0.228125
3 0.287500 0.132813 0.068750 0.206250
3 0.381250 0.085938 0.056250 0.171875
