5 0.238281 0.468750 0.170313 0.312500
3 0.365625 0.414062 0.050000 0.190625
3 0.654687 0.584375 0.059375 0.250000
3 0.060938 0.437500 0.056250 0.209375
3 0.017188 0.565625 0.034375 0.237500
3 0.125781 0.365625 0.051562 0.156250
3 0.171094 0.414062 0.051562 0.190625
3 0.159375 0.304688 0.037500 0.140625
3 0.204688 0.284375 0.050000 0.162500
3 0.148438 0.211719 0.028125 0.107813
3 0.205469 0.214062 0.026562 0.106250
3 0.264062 0.213281 0.028125 0.089062
3 0.395313 0.213281 0.031250 0.092188
6 0.310156 0.275781 0.120313 0.185938
6 0.439063 0.524219 0.165625 0.276562
5 0.607812 0.391406 0.103125 0.226562
5 0.467187 0.250000 0.096875 0.125000
