8 0.615625 0.295313 0.121875 0.228125
5 0.181250 0.640625 0.212500 0.340625
5 0.412500 0.600781 0.175000 0.364063
5 0.621094 0.458594 0.129688 0.282812
5 0.491406 0.252344 0.101562 0.157813
5 0.332031 0.284375 0.126563 0.206250
3 0.157813 0.396875 0.053125 0.178125
3 0.100000 0.560937 0.050000 0.250000
3 0.019531 0.533594 0.039063 0.201563
3 0.025781 0.410938 0.051563 0.187500
3 0.079688 0.291406 0.050000 0.164062
3 0.109375 0.376563 0.050000 0.206250
3 0.228906 0.314063 0.048438 0.178125
3 0.192188 0.259375 0.046875 0.153125
3 0.139063 0.229687 0.037500 0.106250
