6 0.504687 0.164844 0.159375 0.254688
6 0.839844 0.355469 0.167187 0.289063
6 0.807031 0.703906 0.217188 0.420312
6 0.087500 0.600000 0.175000 0.375000
6 0.385937 0.090625 0.168750 0.181250
3 0.272656 0.230469 0.079687 0.260937
3 0.107813 0.309375 0.078125 0.225000
3 0.175000 0.142187 0.075000 0.240625
3 0.069531 0.246875 0.082813 0.265625
3 0.250781 0.063281 0.064062 0.126563
5 0.486719 0.673438 0.292188 0.581250
5 0.673438 0.200781 0.178125 0.298438
6 0.152344 0.817187 0.304688 0.365625
6 0.906250 0.088281 0.131250 0.176563
