3 0.092969 0.218750 0.101563 0.240625
3 0.238281 0.067969 0.051562 0.135938
6 0.221094 0.259375 0.226563 0.315625
6 0.415625 0.328906 0.200000 0.310937
6 0.092188 0.559375 0.184375 0.406250
6 0.142188 0.849219 0.284375 0.301563
6 0.610938 0.440625 0.206250 0.371875
6 0.547656 0.075000 0.126562 0.150000
6 0.384375 0.077344 0.168750 0.154688
5 0.691406 0.130469 0.145313 0.260937
5 0.865625 0.367188 0.175000 0.400000
5 0.815625 0.735938 0.240625 0.528125
5 0.892969 0.134375 0.126562 0.268750
4 0.392969 0.813281 0.335938 0.373437
