6 0.543750 0.659375 0.237500 0.421875
6 0.352344 0.442188 0.226562 0.328125
6 0.324219 0.146875 0.179688 0.228125
6 0.808594 0.896875 0.229687 0.206250
5 0.137500 0.807813 0.275000 0.384375
5 0.119531 0.414062 0.239063 0.393750
5 0.851562 0.454688 0.196875 0.428125
5 0.897656 0.177344 0.148438 0.279687
5 0.646094 0.268750 0.160938 0.296875
5 0.705469 0.119531 0.142187 0.229687
3 0.720313 0.425781 0.071875 0.289063
3 0.433594 0.548438 0.070312 0.312500
3 0.458594 0.201563 0.064062 0.209375
3 0.278125 0.244531 0.053125 0.239062
3 0.160938 0.177344 0.078125 0.076563
3 0.043750 0.246094 0.078125 0.226562
3 0.221094 0.083594 0.045312 0.167188
