1 0.594531 0.933234 0.115625 0.133531 0.25646
1 0.600781 0.502226 0.126563 0.0994065 0.256891
1 0.596875 0.478487 0.065625 0.105341 0.262956
1 0.520312 0.686944 0.06875 0.172107 0.286387
1 0.500781 0.505935 0.104687 0.15727 0.299302
1 0.246875 0.588279 0.10625 0.173591 0.300056
1 0.365625 0.772255 0.148438 0.339763 0.314496
1 0.142969 0.575668 0.096875 0.210682 0.386754
1 0.248437 0.606825 0.059375 0.127596 0.3953
1 0.367969 0.575668 0.08125 0.133531 0.569804
1 0.352734 0.778932 0.105469 0.186944 0.740865
1 0.525391 0.699555 0.144531 0.176558 0.758604
