1 0.370703 0.626113 0.144531 0.305638 0.260431
1 0.166797 0.862018 0.122656 0.275964 0.288854
1 0.6 0.474036 0.0609375 0.0934718 0.363644
1 0.591016 0.919139 0.119531 0.161721 0.368295
1 0.366797 0.775223 0.160156 0.396142 0.480011
1 0.508203 0.51632 0.0789063 0.121662 0.596349
1 0.134375 0.5727 0.109375 0.240356 0.616971
1 0.242969 0.604599 0.0703125 0.155786 0.656897
1 0.363672 0.577893 0.0773437 0.173591 0.758003
1 0.525781 0.696588 0.123438 0.191395 0.811239
1 0.352344 0.77819 0.107813 0.197329 0.816517
