1 0.523828 0.630564 0.139844 0.192878 0.265882
1 0.542578 0.687685 0.0554687 0.28635 0.288364
1 0.600781 0.469585 0.06875 0.102374 0.309283
1 0.501172 0.50816 0.102344 0.135015 0.356902
1 0.246094 0.591246 0.0953125 0.18546 0.358105
1 0.521875 0.689911 0.0609375 0.192878 0.383796
1 0.805859 0.934718 0.0757812 0.130564 0.386977
1 0.366797 0.775964 0.152344 0.37092 0.43571
1 0.141016 0.587537 0.0976562 0.216617 0.477995
1 0.244531 0.611276 0.0546875 0.139466 0.496333
1 0.366406 0.577151 0.0875 0.142433 0.706331
1 0.524219 0.702522 0.1375 0.176558 0.768256
1 0.350391 0.778932 0.102344 0.20178 0.796613
