1 0.613281 0.444362 0.053125 0.120178 0.265262
1 0.232812 0.589763 0.0703125 0.271513 0.30282
1 0.241797 0.63724 0.119531 0.102374 0.341724
1 0.366406 0.778932 0.167187 0.35905 0.417466
1 0.588672 0.901335 0.149219 0.197329 0.427189
1 0.508203 0.511128 0.0976562 0.135015 0.440699
1 0.13125 0.591246 0.0625 0.182493 0.4572
1 0.240625 0.60089 0.0875 0.130564 0.615836
1 0.365234 0.577893 0.0835937 0.155786 0.648352
1 0.353906 0.779674 0.11875 0.194362 0.751472
1 0.528906 0.695846 0.107813 0.186944 0.760907
