1 0.141016 0.533383 0.142969 0.22997 0.304638
1 0.397266 0.605341 0.155469 0.166172 0.323447
1 0.365625 0.777448 0.165625 0.35905 0.346238
1 0.246875 0.581602 0.11875 0.204748 0.410353
1 0.580469 0.902077 0.148438 0.195846 0.424541
1 0.243359 0.603116 0.0804688 0.114243 0.560332
1 0.501562 0.51632 0.145313 0.145401 0.622895
1 0.142969 0.589021 0.104687 0.186944 0.640341
1 0.522656 0.698813 0.123438 0.192878 0.707724
1 0.350391 0.783383 0.105469 0.195846 0.739447
1 0.358594 0.574926 0.0890625 0.12908 0.754368
