1 0.166016 0.864985 0.121094 0.261128 0.256665
1 0.351562 0.735905 0.06875 0.284866 0.25731
1 0.371094 0.626113 0.140625 0.27003 0.259814
1 0.609766 0.530415 0.0820312 0.137982 0.26217
1 0.235938 0.583828 0.115625 0.283383 0.312381
1 0.592969 0.506677 0.0640625 0.0756677 0.32975
1 0.591016 0.922107 0.116406 0.155786 0.330954
1 0.367969 0.774481 0.159375 0.364985 0.447999
1 0.501172 0.503709 0.113281 0.146884 0.533573
1 0.144922 0.579377 0.113281 0.191395 0.596166
1 0.248828 0.606825 0.0898438 0.11276 0.601198
1 0.366406 0.573442 0.101562 0.143917 0.672769
1 0.523828 0.694362 0.124219 0.169139 0.720985
1 0.356641 0.775223 0.111719 0.176558 0.769744
