1 0.239844 0.591988 0.0640625 0.278932 0.259132
1 0.59375 0.498516 0.0703125 0.0979228 0.280191
1 0.596094 0.929525 0.11875 0.132047 0.289955
1 0.523438 0.689911 0.0796875 0.145401 0.295932
1 0.243359 0.634273 0.102344 0.0875371 0.325733
1 0.366406 0.775223 0.153125 0.378338 0.358886
1 0.50625 0.512611 0.0890625 0.164688 0.37172
1 0.141406 0.577151 0.123438 0.189911 0.490565
1 0.366406 0.582344 0.0828125 0.155786 0.599162
1 0.245703 0.605341 0.0664062 0.136499 0.617134
1 0.353125 0.783383 0.107813 0.192878 0.751491
1 0.527734 0.70549 0.136719 0.194362 0.78323
