1 0.365625 0.778932 0.154687 0.362018 0.280677
1 0.522266 0.689911 0.0726563 0.166172 0.302125
1 0.598437 0.490356 0.0546875 0.108309 0.307762
1 0.246484 0.590504 0.116406 0.181009 0.37499
1 0.506641 0.51632 0.0789063 0.175074 0.404637
1 0.596484 0.922849 0.125781 0.154303 0.407051
1 0.146094 0.580861 0.140625 0.218101 0.508071
1 0.367188 0.583828 0.0859375 0.152819 0.511406
1 0.248047 0.606825 0.0632813 0.145401 0.522682
1 0.354297 0.784866 0.110156 0.204748 0.673701
1 0.529297 0.706973 0.128906 0.209199 0.785396
