1 0.366016 0.968101 0.0976562 0.0637982 0.25855
1 0.370313 0.548961 0.128125 0.231454 0.261172
1 0.245312 0.58457 0.0921875 0.20178 0.262935
1 0.021875 0.776706 0.04375 0.0727003 0.283226
1 0.578125 0.902077 0.15625 0.195846 0.33016
1 0.501953 0.501484 0.111719 0.139466 0.339514
1 0.248437 0.607567 0.065625 0.114243 0.356934
1 0.148828 0.581602 0.178906 0.172107 0.370088
1 0.353516 0.788576 0.116406 0.194362 0.616
1 0.364062 0.587537 0.078125 0.15727 0.616369
1 0.524609 0.703264 0.108594 0.160237 0.662856
