1 0.588672 0.446588 0.0929687 0.0593472 0.251553
1 0.242188 0.639466 0.101562 0.0949555 0.257507
1 0.528125 0.732938 0.0484375 0.299703 0.268782
1 0.595312 0.931009 0.110937 0.137982 0.299277
1 0.502344 0.508902 0.0953125 0.139466 0.388344
1 0.366797 0.774481 0.144531 0.367953 0.411585
1 0.244531 0.610534 0.059375 0.111276 0.438864
1 0.592578 0.487389 0.0773437 0.108309 0.484507
1 0.141406 0.585312 0.09375 0.206231 0.50493
1 0.358594 0.571958 0.065625 0.152819 0.709383
1 0.35 0.778932 0.0984375 0.198813 0.784629
1 0.526172 0.698071 0.141406 0.167656 0.78674
