1 0.367578 0.968843 0.0945313 0.0623145 0.250236
1 0.370313 0.623887 0.13125 0.324926 0.274817
1 0.36875 0.543769 0.0640625 0.191395 0.329241
1 0.498437 0.502226 0.115625 0.143917 0.357255
1 0.366016 0.779674 0.163281 0.336795 0.380991
1 0.585547 0.905786 0.146094 0.188427 0.408668
1 0.246875 0.611276 0.078125 0.115727 0.524247
1 0.145313 0.57641 0.114063 0.167656 0.535936
1 0.365234 0.583086 0.108594 0.15727 0.705741
1 0.529297 0.698071 0.127344 0.182493 0.74054
1 0.350781 0.780415 0.10625 0.183976 0.741594
