1 0.598047 0.517804 0.0851562 0.0860534 0.253014
1 0.166406 0.864243 0.120312 0.259644 0.262331
1 0.237891 0.58457 0.119531 0.246291 0.266687
1 0.592578 0.925816 0.113281 0.148368 0.318897
1 0.501562 0.497033 0.125 0.195846 0.378122
1 0.367969 0.776706 0.15625 0.396142 0.380093
1 0.149219 0.573442 0.109375 0.191395 0.55441
1 0.249609 0.607567 0.0851562 0.114243 0.590581
1 0.367188 0.575668 0.09375 0.136499 0.664757
1 0.526953 0.698071 0.119531 0.173591 0.66713
1 0.357031 0.780415 0.110937 0.186944 0.718565
