1 0.353125 0.735163 0.034375 0.256677 0.2579
1 0.371094 0.629822 0.110937 0.277448 0.26998
1 0.242578 0.63724 0.105469 0.105341 0.279025
1 0.594141 0.931751 0.116406 0.133531 0.282571
1 0.542578 0.686202 0.0664062 0.295252 0.314367
1 0.521484 0.687685 0.0679687 0.206231 0.38781
1 0.596094 0.505935 0.0671875 0.118694 0.417311
1 0.366406 0.773739 0.151562 0.381306 0.447586
1 0.143359 0.577151 0.102344 0.216617 0.497848
1 0.501953 0.517062 0.113281 0.132047 0.513563
1 0.245703 0.60905 0.0679687 0.135015 0.524461
1 0.360938 0.5727 0.0796875 0.160237 0.778553
1 0.526563 0.706231 0.140625 0.166172 0.779319
1 0.351172 0.778932 0.100781 0.207715 0.797249
