1 0.155078 0.512611 0.152344 0.161721 0.283104
1 0.373047 0.545252 0.141406 0.227003 0.293854
1 0.591797 0.928783 0.130469 0.142433 0.299154
1 0.237891 0.639466 0.108594 0.0949555 0.308056
1 0.246094 0.583086 0.125 0.169139 0.471501
1 0.136719 0.580119 0.0921875 0.183976 0.513616
1 0.505469 0.513353 0.129688 0.139466 0.537041
1 0.233984 0.601632 0.0992187 0.0905045 0.572063
1 0.621875 0.574926 0.0828125 0.0964392 0.586248
1 0.363672 0.579377 0.0976562 0.143917 0.600545
1 0.353516 0.784125 0.121094 0.170623 0.601142
1 0.526563 0.695104 0.117188 0.18546 0.709245
