1 0.371094 0.545994 0.126563 0.240356 0.25452
1 0.0445312 0.776706 0.0734375 0.117211 0.260685
1 0.245312 0.583828 0.1 0.209199 0.302354
1 0.502734 0.506677 0.105469 0.161721 0.324865
1 0.578125 0.89911 0.157813 0.20178 0.346237
1 0.03125 0.765579 0.0625 0.0830861 0.401442
1 0.248437 0.603858 0.065625 0.118694 0.411416
1 0.148438 0.580861 0.18125 0.22997 0.45082
1 0.364062 0.583086 0.08125 0.169139 0.589232
1 0.355469 0.795252 0.120312 0.204748 0.604276
1 0.524609 0.703264 0.105469 0.186944 0.655262
