1 0.371094 0.630564 0.128125 0.299703 0.293942
1 0.239063 0.587537 0.08125 0.252226 0.306973
1 0.397656 0.603858 0.1375 0.172107 0.376066
1 0.366406 0.776706 0.167187 0.384273 0.412531
1 0.580078 0.902819 0.149219 0.194362 0.423863
1 0.144531 0.591246 0.110937 0.206231 0.640154
1 0.501172 0.517804 0.125781 0.154303 0.648762
1 0.248047 0.611276 0.0804688 0.124629 0.683644
1 0.523047 0.698071 0.114844 0.194362 0.722135
1 0.349609 0.779674 0.100781 0.194362 0.756766
1 0.358594 0.571958 0.0875 0.143917 0.811119
