1 0.240625 0.639466 0.117188 0.0919881 0.254633
1 0.590234 0.925816 0.125781 0.148368 0.265607
1 0.610937 0.527448 0.0796875 0.146884 0.265895
1 0.640234 0.333828 0.0867188 0.0563798 0.268011
1 0.139844 0.53635 0.140625 0.224036 0.268209
1 0.591797 0.502226 0.0804688 0.0578635 0.353791
1 0.505859 0.505935 0.102344 0.154303 0.367647
1 0.367188 0.574184 0.090625 0.160237 0.469639
1 0.245703 0.607567 0.0710938 0.137982 0.479493
1 0.138672 0.587537 0.105469 0.166172 0.6177
1 0.355469 0.781899 0.120312 0.186944 0.624238
1 0.529297 0.695104 0.128906 0.179525 0.726397
