1 0.366406 0.969585 0.0890625 0.0608309 0.27208
1 0.365625 0.781157 0.159375 0.301187 0.299149
1 0.392578 0.60089 0.139844 0.136499 0.367222
1 0.583594 0.905786 0.154687 0.188427 0.448939
1 0.360547 0.537834 0.0601562 0.179525 0.531442
1 0.245703 0.61276 0.0789063 0.11276 0.563338
1 0.142969 0.578635 0.110937 0.15727 0.59455
1 0.502344 0.506677 0.103125 0.14095 0.616335
1 0.349609 0.781157 0.103906 0.188427 0.72091
1 0.527344 0.698071 0.123438 0.167656 0.768477
1 0.359766 0.573442 0.103906 0.149852 0.791058
