1 0.239844 0.639466 0.115625 0.109792 0.28545
1 0.592969 0.926558 0.1375 0.146884 0.317095
1 0.505859 0.511128 0.116406 0.161721 0.401828
1 0.246094 0.586795 0.1 0.18546 0.435747
1 0.134375 0.588279 0.0890625 0.137982 0.462599
1 0.604688 0.539317 0.0515625 0.126113 0.483594
1 0.237109 0.606825 0.0789063 0.10089 0.490826
1 0.605078 0.551187 0.0914062 0.170623 0.520758
1 0.367578 0.581602 0.0898438 0.154303 0.549748
1 0.354297 0.780415 0.116406 0.172107 0.617396
1 0.53125 0.694362 0.129688 0.175074 0.736469
