1 0.242578 0.63724 0.102344 0.0905045 0.26628
1 0.522656 0.690653 0.0703125 0.164688 0.315968
1 0.596875 0.488131 0.05 0.0949555 0.322216
1 0.366406 0.776706 0.154687 0.384273 0.326068
1 0.246094 0.586795 0.107813 0.188427 0.386301
1 0.594922 0.920623 0.113281 0.158754 0.420002
1 0.507422 0.51632 0.0757812 0.163205 0.459909
1 0.246875 0.604599 0.0640625 0.137982 0.52857
1 0.367188 0.58457 0.0859375 0.154303 0.558532
1 0.141797 0.575668 0.122656 0.207715 0.574678
1 0.354688 0.784866 0.107813 0.210682 0.712967
1 0.528516 0.70549 0.132031 0.200297 0.792189
