1 0.507812 0.318991 0.071875 0.109792 0.267775
1 0.246094 0.63724 0.120312 0.123145 0.283933
1 0.592188 0.509644 0.0546875 0.102374 0.313256
1 0.590625 0.925816 0.114063 0.148368 0.317909
1 0.366797 0.77819 0.163281 0.357567 0.340222
1 0.503516 0.504451 0.125781 0.166172 0.451125
1 0.146875 0.575668 0.115625 0.198813 0.476325
1 0.249219 0.60089 0.084375 0.115727 0.498816
1 0.366797 0.574926 0.0945313 0.137982 0.666193
1 0.526172 0.698071 0.128906 0.149852 0.688739
1 0.358203 0.778932 0.108594 0.172107 0.697102
