1 0.59375 0.931009 0.114063 0.137982 0.272687
1 0.371094 0.632789 0.114063 0.289318 0.277105
1 0.594922 0.472552 0.0539063 0.0934718 0.303575
1 0.522266 0.687685 0.0617188 0.18546 0.335573
1 0.596094 0.492582 0.103125 0.0830861 0.336134
1 0.499219 0.511128 0.109375 0.143917 0.342818
1 0.245703 0.589021 0.103906 0.181009 0.418969
1 0.366797 0.77003 0.141406 0.391691 0.455431
1 0.141016 0.580861 0.103906 0.191395 0.504125
1 0.247266 0.614243 0.0695312 0.118694 0.535368
1 0.364844 0.573442 0.0921875 0.14095 0.736939
1 0.524219 0.700297 0.135937 0.178042 0.786194
1 0.351562 0.776706 0.1 0.191395 0.806988
