1 0.239453 0.640208 0.116406 0.0756677 0.267787
1 0.371094 0.545994 0.142188 0.231454 0.290493
1 0.594141 0.929525 0.128906 0.14095 0.353779
1 0.641797 0.557863 0.132031 0.154303 0.441097
1 0.139453 0.579377 0.0960938 0.167656 0.50294
1 0.238672 0.604599 0.0882813 0.0934718 0.535032
1 0.363281 0.575668 0.09375 0.133531 0.564342
1 0.353906 0.783383 0.117188 0.169139 0.631196
1 0.503125 0.505935 0.142188 0.109792 0.648774
1 0.637109 0.589021 0.0867188 0.121662 0.721741
1 0.526953 0.692878 0.114844 0.186944 0.735601
