1 0.621094 0.58457 0.171875 0.139466 0.254056
1 0.579687 0.912463 0.154687 0.175074 0.328349
1 0.130859 0.521513 0.130469 0.212166 0.334064
1 0.703516 0.410979 0.163281 0.148368 0.413574
1 0.50625 0.503709 0.128125 0.135015 0.51718
1 0.235156 0.60905 0.084375 0.117211 0.565375
1 0.362891 0.575668 0.0945313 0.15727 0.577261
1 0.352734 0.78635 0.110156 0.189911 0.629452
1 0.134375 0.57641 0.0921875 0.164688 0.666696
1 0.525781 0.69362 0.1125 0.197329 0.700732
1 0.645312 0.608309 0.084375 0.169139 0.727212
