1 0.233984 0.319733 0.0710938 0.0637982 0.258118
1 0.244141 0.640208 0.0945313 0.0964392 0.271948
1 0.527344 0.734421 0.0578125 0.255193 0.272099
1 0.524609 0.628338 0.133594 0.18546 0.279444
1 0.729297 0.844956 0.117969 0.310089 0.322346
1 0.622266 0.428783 0.0898438 0.0593472 0.325145
1 0.502734 0.505193 0.114844 0.123145 0.350818
1 0.625391 0.453264 0.114844 0.108309 0.379675
1 0.366797 0.781899 0.149219 0.35905 0.414082
1 0.247266 0.61276 0.0601562 0.127596 0.477834
1 0.144531 0.583086 0.0921875 0.216617 0.524063
1 0.366797 0.574926 0.0773437 0.126113 0.667484
1 0.524609 0.695104 0.128906 0.164688 0.753947
1 0.351953 0.781899 0.100781 0.195846 0.796837
