1 0.674219 0.404303 0.10625 0.102374 0.267803
1 0.371484 0.631306 0.177344 0.262611 0.28625
1 0.166406 0.852374 0.121875 0.295252 0.294596
1 0.522266 0.691395 0.0570313 0.139466 0.323508
1 0.396875 0.597923 0.146875 0.154303 0.366691
1 0.240625 0.594214 0.151562 0.265579 0.368099
1 0.238281 0.63724 0.096875 0.146884 0.407918
1 0.583594 0.89911 0.1375 0.20178 0.409962
1 0.366016 0.758902 0.146094 0.408012 0.562832
1 0.504297 0.513353 0.125781 0.166172 0.656351
1 0.14375 0.569733 0.096875 0.216617 0.700042
1 0.245703 0.58457 0.100781 0.124629 0.761061
1 0.522266 0.694362 0.113281 0.195846 0.765248
1 0.355469 0.558605 0.084375 0.161721 0.84218
1 0.346875 0.767804 0.0921875 0.197329 0.862079
