1 0.221094 0.579377 0.135937 0.164688 0.254984
1 0.120703 0.479228 0.0664062 0.25816 0.261482
1 0.370313 0.626855 0.139062 0.29822 0.288431
1 0.593359 0.476261 0.0492188 0.0979228 0.326946
1 0.165234 0.862018 0.116406 0.275964 0.328501
1 0.394141 0.595697 0.125781 0.182493 0.332297
1 0.241406 0.633531 0.110937 0.121662 0.414319
1 0.589844 0.908754 0.13125 0.182493 0.450002
1 0.366406 0.773739 0.160938 0.384273 0.515027
1 0.508203 0.512611 0.0820312 0.108309 0.578609
1 0.130078 0.561573 0.0460938 0.137982 0.61719
1 0.238281 0.601632 0.0765625 0.132047 0.730174
1 0.525781 0.697329 0.104687 0.195846 0.78973
1 0.362109 0.575668 0.0804688 0.175074 0.792281
1 0.350781 0.774481 0.10625 0.195846 0.832299
