1 0.496484 0.486647 0.0929687 0.27003 0.252466
1 0.237891 0.642433 0.108594 0.0919881 0.272215
1 0.590625 0.92359 0.139062 0.152819 0.28574
1 0.373828 0.545252 0.135156 0.232938 0.29459
1 0.130469 0.598665 0.078125 0.170623 0.390698
1 0.246094 0.588279 0.110937 0.179525 0.435411
1 0.235547 0.60905 0.0804688 0.0964392 0.520638
1 0.366406 0.577151 0.0953125 0.145401 0.600317
1 0.353516 0.781157 0.107031 0.170623 0.626752
1 0.61875 0.551929 0.090625 0.109792 0.658363
1 0.528516 0.690653 0.121094 0.179525 0.698033
1 0.505078 0.51632 0.127344 0.130564 0.699231
