1 0.240234 0.590504 0.0664062 0.275964 0.255284
1 0.243359 0.636499 0.0992187 0.0830861 0.272442
1 0.523438 0.689169 0.075 0.137982 0.300063
1 0.366016 0.776706 0.149219 0.348665 0.303117
1 0.591797 0.494065 0.0632813 0.0890208 0.329163
1 0.59375 0.931009 0.110937 0.137982 0.375779
1 0.144141 0.586053 0.122656 0.207715 0.441242
1 0.507812 0.514095 0.0796875 0.146884 0.473207
1 0.247266 0.610534 0.0585938 0.143917 0.577014
1 0.366016 0.583828 0.0820312 0.155786 0.610839
1 0.353906 0.784125 0.109375 0.188427 0.729054
1 0.528125 0.70549 0.134375 0.188427 0.781212
