1 0.373437 0.593472 0.071875 0.243323 0.26804
1 0.540625 0.686202 0.0609375 0.289318 0.294006
1 0.595312 0.929525 0.114063 0.14095 0.327584
1 0.366797 0.775964 0.150781 0.385757 0.407066
1 0.588672 0.498516 0.0523437 0.115727 0.473936
1 0.248047 0.606825 0.0710938 0.139466 0.496937
1 0.147656 0.57641 0.114063 0.24184 0.510965
1 0.505469 0.517062 0.10625 0.14095 0.57985
1 0.355859 0.571958 0.0757812 0.164688 0.750372
1 0.351562 0.778932 0.0984375 0.204748 0.762053
1 0.527344 0.706973 0.126563 0.164688 0.763971
