1 0.610156 0.53635 0.096875 0.173591 0.251844
1 0.246875 0.635757 0.121875 0.120178 0.256441
1 0.498437 0.488872 0.142188 0.155786 0.260674
1 0.366016 0.77819 0.171094 0.354599 0.28654
1 0.589844 0.925074 0.115625 0.149852 0.313194
1 0.593359 0.50816 0.0617188 0.0934718 0.346204
1 0.366016 0.571217 0.0960938 0.148368 0.482114
1 0.250781 0.60089 0.0828125 0.115727 0.499317
1 0.147266 0.574926 0.103906 0.191395 0.510044
1 0.525391 0.694362 0.122656 0.151335 0.663931
1 0.357422 0.781157 0.117969 0.179525 0.665006
