1 0.394531 0.596439 0.145313 0.20178 0.256991
1 0.166016 0.865727 0.117969 0.268546 0.296188
1 0.129297 0.502226 0.0898438 0.215134 0.343412
1 0.240625 0.636499 0.107813 0.106825 0.356188
1 0.366406 0.776706 0.159375 0.384273 0.446407
1 0.585938 0.900593 0.148438 0.198813 0.448949
1 0.245312 0.577893 0.1 0.194362 0.484976
1 0.508203 0.514095 0.0882813 0.126113 0.488461
1 0.135156 0.582344 0.0640625 0.176558 0.609175
1 0.239063 0.603858 0.06875 0.124629 0.647628
1 0.3625 0.579377 0.0765625 0.176558 0.75719
1 0.525 0.698813 0.104687 0.198813 0.773504
1 0.352734 0.779674 0.105469 0.197329 0.791713
