1 0.242969 0.64095 0.11875 0.109792 0.271967
1 0.165234 0.862018 0.113281 0.255193 0.288969
1 0.0351562 0.815282 0.0703125 0.155786 0.303168
1 0.505469 0.497774 0.1 0.206231 0.316551
1 0.0726563 0.882047 0.145313 0.120178 0.335911
1 0.6125 0.580861 0.0734375 0.0756677 0.406012
1 0.0292969 0.847181 0.0585938 0.0801187 0.411836
1 0.248828 0.614243 0.0789063 0.115727 0.495042
1 0.527344 0.694362 0.117188 0.175074 0.586853
1 0.366406 0.58457 0.096875 0.145401 0.596143
1 0.355078 0.784866 0.114844 0.198813 0.639404
