1 0.248047 0.590504 0.121094 0.198813 0.262618
1 0.51875 0.686944 0.0640625 0.189911 0.267717
1 0.592188 0.922849 0.11875 0.154303 0.337428
1 0.147656 0.58457 0.154687 0.148368 0.338774
1 0.608594 0.530415 0.09375 0.146884 0.343547
1 0.246875 0.611276 0.06875 0.124629 0.376954
1 0.599219 0.511869 0.0734375 0.0771513 0.382062
1 0.367188 0.577151 0.0953125 0.142433 0.483848
1 0.502734 0.509644 0.119531 0.12908 0.56156
1 0.353125 0.784125 0.121875 0.182493 0.636438
1 0.527734 0.700297 0.139844 0.178042 0.744278
