1 0.527344 0.734421 0.06875 0.299703 0.27544
1 0.529297 0.634273 0.125781 0.188427 0.292877
1 0.166797 0.863501 0.124219 0.272997 0.313438
1 0.239063 0.591246 0.0890625 0.274481 0.326136
1 0.599609 0.482938 0.0617188 0.0994065 0.334969
1 0.244531 0.635015 0.10625 0.118694 0.338724
1 0.590234 0.919139 0.127344 0.161721 0.43114
1 0.367188 0.775223 0.15625 0.39911 0.45927
1 0.507812 0.511869 0.071875 0.136499 0.475357
1 0.127344 0.496291 0.117188 0.170623 0.491511
1 0.140234 0.569733 0.130469 0.246291 0.5529
1 0.244141 0.598665 0.0695312 0.14095 0.65815
1 0.364453 0.580861 0.0742188 0.170623 0.716203
1 0.353125 0.781157 0.107813 0.194362 0.798335
1 0.526172 0.702522 0.139844 0.200297 0.803992
