1 0.530469 0.635015 0.117188 0.21365 0.298951
1 0.239453 0.593472 0.0695312 0.299703 0.31011
1 0.596094 0.928042 0.120312 0.143917 0.322438
1 0.597266 0.5 0.0585938 0.103858 0.331038
1 0.366797 0.775964 0.153906 0.400593 0.377298
1 0.507031 0.51632 0.090625 0.145401 0.456887
1 0.127344 0.506677 0.0984375 0.161721 0.504136
1 0.365625 0.578635 0.0875 0.151335 0.609504
1 0.142188 0.568991 0.129688 0.188427 0.610887
1 0.244922 0.601632 0.0710938 0.143917 0.683654
1 0.353516 0.783383 0.103906 0.20178 0.755516
1 0.529297 0.708457 0.146094 0.194362 0.806514
