1 0.369141 0.626113 0.128906 0.305638 0.269465
1 0.503516 0.508902 0.119531 0.15727 0.320749
1 0.366406 0.77819 0.157813 0.34273 0.344425
1 0.247656 0.585312 0.0984375 0.212166 0.352007
1 0.367969 0.543769 0.059375 0.179525 0.364044
1 0.585938 0.908754 0.142188 0.182493 0.41549
1 0.146875 0.579377 0.139062 0.191395 0.488593
1 0.248437 0.608309 0.0703125 0.124629 0.504517
1 0.364844 0.581602 0.0921875 0.166172 0.689162
1 0.353125 0.782641 0.109375 0.191395 0.714348
1 0.528125 0.703264 0.121875 0.192878 0.735296
