153.00000000000003 159 92.00000000000003 159 92.00000000000004 357 153.00000000000006 357 Motorcycle 0
102.00000000000003 138 45.000000000000014 138 45.00000000000003 308 102.00000000000003 308 Motorcycle 0
232.00000000000006 295 173.00000000000006 295 173.00000000000006 504 232.00000000000006 504 Motorcycle 0
307 259 263 259 263 433 307 433 Motorcycle 0
282 188.00000000000006 238 188.00000000000006 238.00000000000006 332 282 332 Motorcycle 0
42.00000000000004 255 3.122849337825751e-14 255 4.402605242934735e-14 464 42.00000000000006 464 Motorcycle 0
144.00000000000006 452 5.535403532146036e-14 452 6.686571523344549e-14 640 144.00000000000006 640 Sedan 0
387 428 201.00000000000006 428 201.00000000000006 640 387.0000000000001 640 Sedan 0
259 17.00000000000002 133 17.000000000000014 133 174.00000000000003 259 174.00000000000006 Sedan 0
490 18.000000000000053 392 18.00000000000005 392 191.00000000000006 490 191.00000000000006 Sedan 0
346 41.00000000000003 218 41.00000000000003 218.00000000000006 258 346 258 SUV 0
587 274.00000000000006 425 274 425.00000000000006 636 587 636 SUV 0
608 49.000000000000064 506 49.00000000000006 506 267.0000000000001 608 267.0000000000001 SUV 0