304 111.00000000000003 145 111.00000000000003 145.00000000000003 372 304 372 SUV 0
178.00000000000006 96.00000000000001 1.175660927181459e-14 96 2.7860714680602284e-14 359 178.00000000000006 359 SUV 0
457 110.00000000000003 328 110.00000000000003 328 338 457 338 SUV 0
156.00000000000006 389 4.763876048683205e-14 389 6.300807781613132e-14 640 156.00000000000006 640 SUV 0
608 242.00000000000006 464 242.00000000000006 464.00000000000006 557 608 557 Sedan 0
611 6.986609989135649e-14 530 6.490628035480972e-14 530 84.00000000000007 611 84.00000000000009 Sedan 0
309 3.3004231237021167e-14 230 2.8166876380389122e-14 230 74.00000000000003 309 74.00000000000003 Sedan 0
393 4.2311546910541057e-14 298 3.6494474614591125e-14 298 110.00000000000003 393 110.00000000000006 Sedan 0
488 5.33946004428246e-14 384 4.702643708725836e-14 384 144.00000000000006 488 144.00000000000006 SUV 0
618 79.00000000000007 506 79.00000000000006 506 301.0000000000001 618 301.0000000000001 SUV 0
345.00000000000006 438 84.00000000000006 438 84.00000000000007 640 345.0000000000001 640 Van 0