506 5.712977318022403e-14 427 5.2292418323591984e-14 427 76.00000000000006 506 76.00000000000006 Sedan 0
197.00000000000006 419 5.13127008842741e-14 419 6.484504801485235e-14 640 197.00000000000006 640 Sedan 0
314 120.00000000000003 166 120.00000000000003 166 378 314 378 Sedan 0
122.00000000000004 194 2.375814790345865e-14 194 4.2617708610327895e-14 502 122.00000000000006 502 SUV 0
590 352 426 352 426.0000000000001 640 590 640 SUV 0
610 104.00000000000007 508 104.00000000000006 508 326.0000000000001 610 326.0000000000001 SUV 0
390 2.0000000000000413 280 2.0000000000000346 280 153.00000000000006 390 153.00000000000006 Sedan 0
609 6.992733223131387e-14 533 6.527367439455392e-14 533 70.00000000000007 609 70.00000000000009 SUV 0
416.0000000000001 216 216 216 216 640 416.0000000000001 640 Van 0
217 64.00000000000003 169 64.00000000000003 169 219 217 219 Motorcycle 0
143.00000000000003 92.00000000000001 99 92 99.00000000000003 241 143.00000000000006 241 Motorcycle 0
130 1.0000000000000133 88 1.0000000000000107 88 129 130 129 Motorcycle 0
244 2.6758532561369668e-14 193 2.3635683223543918e-14 193 107.00000000000003 244 107.00000000000003 Motorcycle 0
284 3.331039293680801e-14 260 3.184081677783118e-14 260 90.00000000000003 284 90.00000000000003 Motorcycle 0