143 64.00000000000001 95 64 95.00000000000001 228 143 228 Motorcycle 0
79.00000000000003 157 23.00000000000002 157 23.00000000000003 313 79.00000000000003 313 Motorcycle 0
115.00000000000003 253 54.00000000000003 253 54.00000000000004 483 115.00000000000006 483 Motorcycle 0
34.00000000000005 292 3.5759686535102714e-14 292 4.8251083886405724e-14 496 34.00000000000006 496 Motorcycle 0
94.00000000000003 49 51 49 51.000000000000014 192 94.00000000000003 192 Motorcycle 0
612 287.00000000000006 447 287 447 640 612 640 SUV 0
447 157.00000000000006 300 157.00000000000006 300 452 447 452 SUV 0
322 107.00000000000003 185 107.00000000000003 185.00000000000003 367 322 367 SUV 0
374 3.943362693254477e-14 270 3.3065463576978534e-14 270 147.00000000000006 374 147.00000000000006 SUV 0
617 133.00000000000006 512 133.00000000000006 512 384.0000000000001 617 384.0000000000001 SUV 0
603 5.000000000000069 505 5.000000000000062 505 185.00000000000006 603 185.00000000000006 SUV 0
288 2.969768487932332e-14 197 2.4125541943202862e-14 197 90.00000000000003 288 90.00000000000003 Sedan 0
512 2.000000000000057 416 2.0000000000000506 416 102.00000000000006 512 102.00000000000006 Van 0