184.00000000000006 286 47.00000000000003 286 47.00000000000004 518 184.00000000000006 518 SUV 0
298.00000000000006 365 186.00000000000006 365 186.00000000000006 517 298.0000000000001 517 SUV 0
74.00000000000004 285 3.490243377569957e-14 285 4.855724558619256e-14 508 74.00000000000006 508 SUV 0
440 246.00000000000006 353 246.00000000000006 353 454 440 454 SUV 0
258 116.00000000000003 183 116.00000000000003 183 216 258 216.00000000000006 SUV 0
281 262 247.00000000000006 262 247.00000000000006 364 281 364 Motorcycle 0
111.00000000000003 207 77.00000000000003 207 77.00000000000003 329 111.00000000000003 329 Motorcycle 0
122.00000000000003 167 90.00000000000003 167 90.00000000000003 271 122.00000000000003 271 Motorcycle 0
56.00000000000002 151 18.00000000000002 151 18.00000000000003 269 56.00000000000003 269 Motorcycle 0
127.00000000000003 124.00000000000003 94.00000000000003 124 94.00000000000003 219 127.00000000000003 219 Motorcycle 0
337 136.00000000000006 269 136.00000000000006 269 249.00000000000006 337 249.00000000000006 Sedan 0
424 130.00000000000006 363 130.00000000000006 363 241.00000000000006 424 241.00000000000006 Sedan 0