423.00000000000006 293 268 293 268.00000000000006 575 423.0000000000001 575 Sedan 0
604 267.0000000000001 472 267.0000000000001 472 519 604 519 Sedan 0
242.00000000000006 301 41.00000000000004 301 41.00000000000006 597 242.00000000000006 597 Sedan 0
322 114.00000000000003 190 114.00000000000003 190.00000000000003 308 322 308 Sedan 0
493 5.492540894175879e-14 404 4.9475730685553076e-14 404 114.00000000000006 493 114.00000000000006 Sedan 0
612 44.000000000000064 503 44.00000000000006 503 283.0000000000001 612 283.0000000000001 SUV 0
606 484.00000000000006 462.0000000000001 484 462.0000000000001 640 606 640 SUV 0
58.00000000000006 305 3.735172737399427e-14 305 5.235365066354935e-14 550 58.00000000000007 550 Motorcycle 0
149.00000000000003 98 93 98 93 268 149.00000000000006 268 Motorcycle 0
207 15.000000000000021 166 15.000000000000021 166 163 207 163 Motorcycle 0
240 2.7064694261156506e-14 202 2.4737865342776538e-14 202 113.00000000000003 240 113.00000000000003 Motorcycle 0