118 93 67 93 67.00000000000001 267 118.00000000000003 267 Motorcycle 0
182.00000000000006 342 4.1882920530839484e-14 342 6.013015783813505e-14 640 182.00000000000006 640 Multicab 0
616 185.00000000000006 453 185.00000000000006 453.00000000000006 640 616 640 Truck 0
441 169.00000000000006 295 169.00000000000006 295 458 441 458 SUV 0
357 455 169.00000000000006 455 169.00000000000006 640 357.0000000000001 640 SUV 0
601 76.00000000000007 503 76.00000000000006 503 184.00000000000006 601 184.00000000000006 SUV 0
65.00000000000004 249 3.0493705298769096e-14 249 4.084197075156422e-14 418 65.00000000000006 418 SUV 0
618 7.102951435054649e-14 542 6.637585651378654e-14 542 132.00000000000006 618 132.00000000000006 SUV 0
348 77.00000000000003 232 77.00000000000003 232.00000000000003 244.00000000000003 348 244.00000000000006 Sedan 0
285 5.000000000000028 169 5.000000000000021 169 147.00000000000003 285 147.00000000000006 Sedan 0
491 32.00000000000005 387 32.00000000000004 387 169.00000000000006 491 169.00000000000006 Sedan 0