433 116.00000000000006 355 116.00000000000006 355 262 433 262 Van 0
184.00000000000006 301 48.00000000000004 301 48.00000000000005 519 184.00000000000006 519 SUV 0
320.00000000000006 268 208.00000000000006 268 208.00000000000006 501 320.0000000000001 501 SUV 0
439 203.00000000000006 356 203.00000000000006 356 384 439 384 SUV 0
347 111.00000000000003 282 111.00000000000003 282 212.00000000000006 347 212.00000000000006 SUV 0
253.00000000000006 116.00000000000003 172 116.00000000000003 172.00000000000003 248.00000000000006 253.00000000000006 248.00000000000006 SUV 0
118.00000000000003 197 84.00000000000003 197 84.00000000000003 311 118.00000000000003 311 Motorcycle 0
80.00000000000003 279 48.00000000000003 279 48.00000000000004 439 80.00000000000006 439 Motorcycle 0
25.000000000000043 277 3.3922716336381687e-14 277 4.1821688190882116e-14 406 25.00000000000005 406 Motorcycle 0
33.000000000000036 203 2.486033002269127e-14 203 3.220821081757539e-14 323 33.00000000000004 323 Motorcycle 0
67.00000000000003 134 35.000000000000014 134 35.00000000000002 239 67.00000000000003 239 Motorcycle 0
86.00000000000003 175 54.00000000000003 175 54.00000000000004 307 86.00000000000003 307 Motorcycle 0
162.00000000000003 144 131 144 131.00000000000003 258 162.00000000000006 258 Motorcycle 0
138 117.00000000000001 108.00000000000003 117 108.00000000000003 215 138 215 Motorcycle 0
101.00000000000001 113 77 113 77.00000000000001 181 101.00000000000003 181 Motorcycle 0