130 15.000000000000014 86 15.00000000000001 86.00000000000001 155 130 155 Motorcycle 0
346 68.00000000000003 225 68.00000000000003 225.00000000000003 270 346 270 Sedan 0
488 10.000000000000055 398 10.00000000000005 398 147.00000000000006 488 147.00000000000006 Sedan 0
273 14.000000000000025 152 14.000000000000018 152 174.00000000000003 273 174.00000000000006 Sedan 0
141.00000000000006 521 6.38040982355771e-14 521 7.109074669050385e-14 640 141.00000000000006 640 Sedan 0
607 10.00000000000007 516 10.000000000000064 516 114.00000000000007 607 114.00000000000009 Sedan 0
464 96.00000000000006 334 96.00000000000003 334 348 464 348 SUV 0
274.00000000000006 204.00000000000003 82.00000000000003 204 82.00000000000004 520 274.0000000000001 520 SUV 0
124.00000000000004 172 2.1063924945334474e-14 172 3.912746523275793e-14 467 124.00000000000006 467 SUV 0
605 352 431 352 431.0000000000001 640 605 640 SUV 0
621 92.00000000000006 489 92.00000000000006 489 409.0000000000001 621 409.0000000000001 Multicab 0
28.00000000000002 112 1.3716044150450356e-14 112 2.014543984597396e-14 217 28.00000000000003 217 Motorcycle 0