222.00000000000006 240 113.00000000000003 240 113.00000000000004 452 222.00000000000006 452 SUV 0
321 206.00000000000006 236 206.00000000000006 236 413 321 413 SUV 0
435 143.00000000000006 354 143.00000000000006 354 325 435 325 SUV 0
263 119.00000000000003 187 119.00000000000003 187 231 263 231.00000000000006 SUV 0
182 116.00000000000001 110 116 110.00000000000001 218 182 218 SUV 0
343 117.00000000000003 279 117.00000000000003 279 222.00000000000006 343 222.00000000000006 SUV 0
121.00000000000006 224 2.0000000000000275 224 2.0000000000000377 394 121.00000000000006 394 Sedan 0
454.00000000000006 378 358 378 358.00000000000006 514 454.0000000000001 514 Sedan 0
315.00000000000006 405 167.00000000000006 405 167.00000000000006 522 315.0000000000001 522 Multicab 0
75.00000000000003 129 41.000000000000014 129 41.00000000000002 237 75.00000000000003 237 Bicycle 0
113 104 85 104 85.00000000000001 206 113.00000000000003 206 Motorcycle 0