97.00000000000003 132 41.000000000000014 132 41.00000000000003 299 97.00000000000003 299 Motorcycle 0
318 101.00000000000003 184 101.00000000000003 184.00000000000003 293 318 293 Sedan 0
609 133.00000000000006 503 133.00000000000006 503 332.0000000000001 609 332.0000000000001 Sedan 0
615 6.992733223131387e-14 527 6.453888631506551e-14 527 124.00000000000007 615 124.00000000000009 Sedan 0
178.00000000000006 360 2.0000000000000444 360 2.0000000000000613 640 178.00000000000006 640 Sedan 0
386.0000000000001 309 171.00000000000006 309 171.00000000000006 640 386.0000000000001 640 SUV 0
458 101.00000000000006 339 101.00000000000003 339 330 458 330 SUV 0
600 469.00000000000006 439.0000000000001 469 439.0000000000001 640 600 640 SUV 0
55.00000000000004 239 2.0000000000000293 239 2.0000000000000444 485 55.00000000000006 485 SUV 0
304 3.2514372517362226e-14 227 2.7799482340644916e-14 227 84.00000000000003 304 84.00000000000003 SUV 0
509 5.688484382039455e-14 420 5.143516556418883e-14 420 98.00000000000006 509 98.00000000000006 Sedan 0
389 3.0000000000000417 283 3.0000000000000346 283 150.00000000000006 389 150.00000000000006 Multicab 0