145.00000000000003 163 35.000000000000014 163 35.00000000000003 302 145.00000000000006 302 SUV 0
329 184.00000000000006 254 184.00000000000006 254.00000000000003 348 329 348 SUV 0
426 197.00000000000006 355 197.00000000000006 355 364 426 364 SUV 0
424 117.00000000000006 373 117.00000000000006 373 221.00000000000006 424 221.00000000000006 SUV 0
347 119.00000000000003 293 119.00000000000003 293 181.00000000000006 347 181.00000000000006 Sedan 0
148.00000000000006 442 24.000000000000057 442 24.00000000000006 517 148.00000000000006 517 Sedan 0
93.00000000000004 288 3.5269827815443773e-14 288 4.763876048683205e-14 490 93.00000000000006 490 Sedan 0
463.00000000000006 370 354 370 354.00000000000006 517 463.0000000000001 517 Sedan 0
307.00000000000006 319 174.00000000000006 319 174.00000000000006 519 307.0000000000001 519 Multicab 0
244.00000000000003 135.00000000000003 154 135 154.00000000000003 307 244.00000000000006 307 Multicab 0
49.00000000000002 169 8.000000000000021 169 8.000000000000027 275 49.00000000000003 275 Motorcycle 0
97.00000000000001 116 64 116 64.00000000000001 181 97.00000000000003 181 Motorcycle 0