412 324 211.00000000000006 324 211.00000000000006 640 412.0000000000001 640 SUV 0
612 70.00000000000007 511 70.00000000000006 511 293.0000000000001 612 293.0000000000001 SUV 0
308 160.00000000000003 141 160 141.00000000000003 449 308 449 SUV 0
265 33.00000000000002 144 33.000000000000014 144 191 265 191.00000000000006 Sedan 0
409 4.420974944921945e-14 313 3.833144481331216e-14 313 98.00000000000004 409 98.00000000000006 Sedan 0
487 19.000000000000053 381 19.00000000000005 381 194.00000000000006 487 194.00000000000006 SUV 0
569 527 518 527 518 640 569 640 Motorcycle 0
99.00000000000003 139 44.000000000000014 139 44.00000000000003 341 99.00000000000003 341 Motorcycle 0
160 1.781861092759399e-14 131 1.6042873068830326e-14 131 110.00000000000003 160 110.00000000000003 Motorcycle 0
98 45.000000000000014 60 45.000000000000014 60.000000000000014 177 98.00000000000003 177 Bicycle 0
44.00000000000005 280 3.429011037612589e-14 280 5.045544812487095e-14 544 44.00000000000007 544 SUV 0
619 7.121321137041858e-14 544 6.662078587361601e-14 544 62.00000000000007 619 62.00000000000007 SUV 0