92.00000000000001 63.00000000000001 27.000000000000007 63 27.00000000000002 217 92.00000000000003 217 Motorcycle 0
169 1.8675863686997135e-14 136 1.6655196468404002e-14 136 87.00000000000003 169 87.00000000000003 Motorcycle 0
214.00000000000003 65.00000000000001 69 65 69.00000000000001 267 214.00000000000006 267 Sedan 0
330 111.00000000000003 202 111.00000000000003 202.00000000000003 310 330 310 Sedan 0
118.00000000000004 228 2.7921947020559652e-14 228 4.3842355409475246e-14 488 118.00000000000006 488 Sedan 0
182.00000000000006 447 5.474171192188669e-14 447 6.655955353365864e-14 640 182.00000000000006 640 Sedan 0
457 163.00000000000006 325 163.00000000000006 325 401 457 401 Sedan 0
391 4.292387031011473e-14 310 3.7964050773567946e-14 310 96.00000000000006 391 96.00000000000006 Sedan 0
300 3.0126311259024884e-14 192 2.351321854362918e-14 192 99.00000000000003 300 99.00000000000003 Sedan 0
489 5.419062086227038e-14 396 4.849601324623519e-14 396 167.00000000000006 489 167.00000000000006 SUV 0
610 107.00000000000006 498 107.00000000000006 498 363.0000000000001 610 363.0000000000001 SUV 0
599 302.00000000000006 445 302 445.00000000000006 640 599 640 SUV 0
612 6.998856457127123e-14 531 6.502874503472445e-14 531 172.00000000000006 612 172.00000000000006 SUV 0
359.00000000000006 401 144.00000000000006 401 144.00000000000006 640 359.0000000000001 640 Multicab 0