232.00000000000006 301 42.00000000000004 301 42.00000000000006 601 232.00000000000006 601 Sedan 0
475 55.00000000000006 369 55.00000000000004 369 243.00000000000006 475 243.00000000000006 Sedan 0
603 219.00000000000006 457 219.00000000000006 457 466.0000000000001 603 466.0000000000001 Sedan 0
612 458.00000000000006 442 458 442 640 612 640 Sedan 0
388.00000000000006 326 170.00000000000006 326 170.00000000000006 640 388.0000000000001 640 SUV 0
326 69.00000000000003 191 69.00000000000003 191 314 326 314 SUV 0
195.00000000000003 126.00000000000001 27.000000000000014 126 27.00000000000003 346 195.00000000000006 346 Sedan 0
422 4.6107951987897846e-14 331 4.0535809051777385e-14 331 47.00000000000004 422 47.00000000000006 Sedan 0
625 6.998856457127124e-14 518 6.34367041958329e-14 518 209.00000000000006 625 209.00000000000006 SUV 0
149 4.000000000000015 103 4.000000000000012 103 116.00000000000001 149 116.00000000000003 Motorcycle 0
106.00000000000001 51.00000000000001 58 51 58.000000000000014 180 106.00000000000003 180 Motorcycle 0
299 3.0065078919067517e-14 192 2.351321854362918e-14 192 103.00000000000003 299 103.00000000000003 Sedan 0
327 9.000000000000037 280 9.000000000000036 280 71.00000000000003 327 71.00000000000003 Motorcycle 0