67.00000000000003 145 30.000000000000014 145 30.00000000000002 259 67.00000000000003 259 Motorcycle 0
127.00000000000004 255 92.00000000000003 255 92.00000000000004 361 127.00000000000006 361 Motorcycle 0
29.000000000000057 428 5.241488300350672e-14 428 5.743593488001086e-14 510 29.000000000000064 510 Motorcycle 0
109.00000000000003 110 84 110 84.00000000000003 190 109.00000000000003 190 Motorcycle 0
424 117.00000000000006 359 117.00000000000006 359 222.00000000000006 424 222.00000000000006 SUV 0
253.00000000000006 138.00000000000003 172 138 172.00000000000003 278 253.00000000000006 278 SUV 0
440.00000000000006 297 327 297 327 522 440.0000000000001 522 SUV 0
93.00000000000004 293 3.588215121501745e-14 293 4.6903972407343625e-14 473 93.00000000000006 473 Sedan 0
193.00000000000006 313 76.00000000000003 313 76.00000000000004 495 193.00000000000006 495 Sedan 0
336 154.00000000000006 264 154.00000000000006 264 277 336 277 Sedan 0
157.00000000000003 163 71.00000000000003 163 71.00000000000003 284 157.00000000000006 284 Sedan 0