334 33.00000000000003 117 33.000000000000014 117.00000000000003 455 334 455 Van 0
191 67.00000000000001 46.000000000000014 67 46.00000000000003 329 191.00000000000006 329 SUV 0
102.00000000000006 407 4.9843124725297275e-14 407 6.404902759540657e-14 639 102.00000000000009 639 SUV 0
52.00000000000004 240 2.939152317953648e-14 240 4.243401159045579e-14 453 52.00000000000006 453 SUV 0
596 191.00000000000006 454 191.00000000000006 454.00000000000006 507 596 507.0000000000001 SUV 0
394 4.2066617550711586e-14 293 3.588215121501745e-14 293 136.00000000000006 394 136.00000000000006 SUV 0
471 110.00000000000006 354 110.00000000000006 354 295.00000000000006 471 295.0000000000001 Sedan 0
615 6.937624117169755e-14 518 6.34367041958329e-14 518 178.00000000000006 615 178.00000000000006 Sedan 0
378.00000000000006 403 205.00000000000006 403 205.00000000000006 640 378.0000000000001 640 Sedan 0
292 2.0000000000000293 190 2.000000000000023 190 110.00000000000003 292 110.00000000000003 Sedan 0
128 10.000000000000014 79 10.00000000000001 79.00000000000001 120.00000000000001 128 120.00000000000003 Motorcycle 0