184.00000000000006 452 2.000000000000055 452 2.0000000000000666 640 184.00000000000006 640 Sedan 0
83.00000000000004 278 3.404518101629642e-14 278 4.898587196589413e-14 522 83.00000000000006 522 Sedan 0
425 201.00000000000006 286 201.00000000000006 286 446 425 446 Sedan 0
464 21.00000000000005 372 21.000000000000043 372 194.00000000000006 464 194.00000000000006 Sedan 0
601 270.0000000000001 480 270.0000000000001 480.00000000000006 545 601 545 Sedan 0
570 490.00000000000006 408.0000000000001 490 408.0000000000001 640 570 640 SUV 0
612 37.000000000000064 518 37.00000000000006 518 250.00000000000006 612 250.00000000000006 SUV 0
324 73.00000000000003 185 73.00000000000003 185.00000000000003 313 324 313 SUV 0
121.00000000000001 39.000000000000014 76 39.000000000000014 76.00000000000001 191 121.00000000000003 191 Motorcycle 0
32.00000000000003 126 1.543054966925665e-14 126 2.596251214192389e-14 298 32.00000000000004 298 Motorcycle 0
239 33.00000000000002 130 33.000000000000014 130 191 239 191.00000000000006 Sedan 0
399 4.267894095028526e-14 298 3.6494474614591125e-14 298 107.00000000000004 399 107.00000000000006 SUV 0