149.00000000000006 246 110.00000000000003 246 110.00000000000003 358 149.00000000000006 358 Motorcycle 0
95.00000000000003 240 54.00000000000003 240 54.00000000000004 390 95.00000000000006 390 Motorcycle 0
63.000000000000036 220 31.00000000000003 220 31.000000000000036 337 63.00000000000004 337 Motorcycle 0
53.00000000000005 309 3.784158609365321e-14 309 5.057791280478568e-14 517 53.00000000000006 517 SUV 0
187.00000000000006 331 26.000000000000043 331 26.000000000000053 516 187.00000000000006 516 SUV 0
434 253.00000000000006 354 253.00000000000006 354 433 434 433 Sedan 0
328 202.00000000000006 234 202.00000000000006 234.00000000000003 431 328 431 Multicab 0
249.00000000000003 141.00000000000003 171 141 171 287 249.00000000000006 287 SUV 0
424 121.00000000000006 364 121.00000000000006 364 240.00000000000006 424 240.00000000000006 SUV 0
340 116.00000000000003 268 116.00000000000003 268 254.00000000000006 340 254.00000000000006 SUV 0
185 121.00000000000001 112.00000000000003 121 112.00000000000003 215 185 215 Sedan 0
446.0000000000001 452 350 452 350.00000000000006 523 446.0000000000001 523 Sedan 0
304.00000000000006 381 154.00000000000006 381 154.00000000000006 517 304.0000000000001 517 Truck 0