432 227.00000000000006 263 227.00000000000006 263.00000000000006 541 432.0000000000001 541 SUV 0
587 182.00000000000006 460 182.00000000000006 460.00000000000006 508.00000000000006 587 508.0000000000001 SUV 0
309 117.00000000000003 149 117.00000000000003 149.00000000000003 381 309 381 SUV 0
199.00000000000003 80.00000000000001 68 80 68.00000000000001 316 199.00000000000006 316 Sedan 0
465 77.00000000000006 354 77.00000000000006 354 265.00000000000006 465 265.0000000000001 Sedan 0
623 27.00000000000007 519 27.000000000000064 519 233.00000000000006 623 233.00000000000006 Sedan 0
209.00000000000006 366 4.482207284879313e-14 366 6.159973399711187e-14 640 209.00000000000006 640 Sedan 0
576 540 435.0000000000001 540 435.0000000000001 640 576 640 Sedan 0
72.00000000000001 67 8.205133554287266e-15 67 2.4799097682733902e-14 338 72.00000000000003 338 Van 0
381 3.0000000000000404 272 3.0000000000000338 272 167.00000000000006 381 167.00000000000006 Sedan 0
516 5.743593488001086e-14 422 5.168009492401831e-14 422 90.00000000000006 516 90.00000000000006 Multicab 0
254 37.00000000000003 210 37.00000000000003 210 136.00000000000003 254 136.00000000000006 Motorcycle 0
188 40.000000000000014 154 40.000000000000014 154 95.00000000000003 188 95.00000000000003 Motorcycle 0
41.00000000000006 358 4.3842355409475246e-14 358 5.694607616035192e-14 572 41.00000000000007 572 Motorcycle 0