460 207.00000000000006 297 207.00000000000006 297 458 460 458 Sedan 0
619 6.894761479199599e-14 507 6.208959271677081e-14 507 227.00000000000006 619 227.00000000000006 Truck 0
191.00000000000006 435 5.3272135762909865e-14 435 6.582476545417023e-14 640 191.00000000000006 640 SUV 0
621 190.00000000000006 489 190.00000000000006 489.00000000000006 473.0000000000001 621 473.0000000000001 SUV 0
610 455.00000000000006 441 455 441.0000000000001 640 610 640 SUV 0
395.00000000000006 383 212.00000000000006 383 212.00000000000006 640 395.0000000000001 640 SUV 0
173.00000000000006 107.00000000000001 1.310372075087668e-14 107 2.9330290839579106e-14 372 173.00000000000006 372 SUV 0
261 2.0000000000000244 136 2.000000000000017 136 185.00000000000003 261 185.00000000000006 Sedan 0
400 4.218908223062632e-14 289 3.539229249535851e-14 289 139.00000000000006 400 139.00000000000006 SUV 0
491 15.000000000000053 383 15.000000000000046 383 207.00000000000006 491 207.00000000000006 SUV 0
186.00000000000006 294 103.00000000000003 294 103.00000000000004 463 186.00000000000006 463 Motorcycle 0
148 1.5553014349171386e-14 106 1.2981256070961945e-14 106 110.00000000000001 148 110.00000000000003 Motorcycle 0
51.00000000000002 80 9.797174393178826e-15 80 2.014543984597396e-14 249 51.00000000000003 249 Motorcycle 0