254.00000000000006 316 63.00000000000004 316 63.00000000000006 587 254.00000000000006 587 Sedan 0
603 101.00000000000007 511 101.00000000000006 511 274.0000000000001 603 274.0000000000001 Sedan 0
508 5.559896468128983e-14 400 4.898587196589413e-14 400 163.00000000000006 508 163.00000000000006 SUV 0
368 11.000000000000039 247 11.000000000000032 247 220.00000000000006 368 220.00000000000006 SUV 0
99.00000000000004 225 2.7554552980815446e-14 225 4.727136644708783e-14 547 99.00000000000006 547 SUV 0
582 391.0000000000001 392 391 392 640 582 640 SUV 0
430.00000000000006 244.00000000000006 291 244.00000000000006 291.00000000000006 526 430.0000000000001 526 Sedan 0
183.00000000000006 189 139 189 139.00000000000003 331 183.00000000000006 331 Motorcycle 0
131.00000000000003 89.00000000000003 87 89 87.00000000000001 241 131.00000000000006 241 Motorcycle 0
62.00000000000002 65 6.000000000000007 65 6.000000000000019 245 62.00000000000003 245 Motorcycle 0
129 8.000000000000012 77 8.00000000000001 77.00000000000001 150 129 150 Motorcycle 0
211 82.00000000000003 165 82.00000000000003 165 228 211 228 Motorcycle 0
206 19.000000000000025 162 19.00000000000002 162 151 206 151 Motorcycle 0
262 2.9881381899195414e-14 226 2.767701766073018e-14 226 110.00000000000003 262 110.00000000000003 Motorcycle 0