162.00000000000006 412 5.045544812487095e-14 412 6.441642163515078e-14 640 162.00000000000006 640 SUV 0
625 6.711064459327496e-14 471 5.768086423984033e-14 471 360.0000000000001 625 360.0000000000001 Truck 0
607 241.00000000000006 460 241.00000000000006 460.00000000000006 640 607 640 Van 0
307 99.00000000000003 163 99.00000000000003 163.00000000000006 363 307 363 SUV 0
477 5.296597406312303e-14 388 4.75162958069173e-14 388 159.00000000000006 477 159.00000000000006 Sedan 0
278 2.7860714680602284e-14 177 2.1676248344908153e-14 177 117.00000000000003 278 117.00000000000003 Sedan 0
437 208.00000000000006 293 208.00000000000006 293 445 437 445 Sedan 0
332.0000000000001 515 141.00000000000006 515 141.00000000000006 640 332.0000000000001 640 SUV 0
151.00000000000003 176 78.00000000000003 176 78.00000000000004 412 151.00000000000006 412 Motorcycle 0
262 28.000000000000036 230 28.00000000000003 230 107.00000000000003 262 107.00000000000003 Motorcycle 0
346 3.9739788632331606e-14 303 3.71067980141648e-14 303 102.00000000000003 346 102.00000000000003 Motorcycle 0