380.00000000000006 410 186.00000000000006 410 186.00000000000006 640 380.0000000000001 640 SUV 0
160.00000000000006 420 5.143516556418883e-14 420 6.490628035480972e-14 640 160.00000000000006 640 SUV 0
583 172.00000000000006 465 172.00000000000006 465 431.0000000000001 583 431.0000000000001 SUV 0
461 64.00000000000004 341 64.00000000000003 341 310 461 310 SUV 0
252 10.000000000000021 101 10.00000000000001 101.00000000000001 218.00000000000006 252 218.00000000000006 SUV 0
608 2.0000000000000697 530 2.000000000000065 530 94.00000000000007 608 94.00000000000009 SUV 0
297 150.00000000000003 138 150 138.00000000000003 418 297 418 Sedan 0
361 30.000000000000036 252 30.00000000000003 252 203.00000000000006 361 203.00000000000006 Sedan 0
504 5.706854084026665e-14 428 5.241488300350672e-14 428 71.00000000000006 504 71.00000000000006 Sedan 0
404 4.304633499002947e-14 299 3.661693929450586e-14 299 71.00000000000004 404 71.00000000000006 SUV 0
106.00000000000001 34.00000000000001 58 34 58.000000000000014 179 106.00000000000003 179 Motorcycle 0
32.00000000000002 123 1.000000000000015 123 1.000000000000022 236 32.00000000000003 236 Motorcycle 0
50.000000000000036 188 2.302335982397024e-14 188 3.165711975795908e-14 329 50.00000000000004 329 Motorcycle 0