482 15.000000000000053 376 15.000000000000046 376 209.00000000000006 482 209.00000000000006 SUV 0
598 74.00000000000007 499 74.00000000000006 499 289.0000000000001 598 289.0000000000001 SUV 0
341 82.00000000000003 227 82.00000000000003 227.00000000000003 251 341 251.00000000000006 Sedan 0
136.00000000000006 536 6.564106843429813e-14 536 7.200923178986437e-14 640 136.00000000000006 640 Sedan 0
585 386.0000000000001 432 386 432 640 585 640 Sedan 0
380.0000000000001 472 190.00000000000006 472 190.00000000000006 640 380.0000000000001 640 Sedan 0
140.00000000000003 216 87.00000000000003 216 87.00000000000004 421 140.00000000000006 421 Motorcycle 0
71.00000000000004 322 7.000000000000039 322 7.000000000000053 534 71.00000000000006 534 Motorcycle 0
69.00000000000004 184 8.000000000000021 184 8.000000000000034 382 69.00000000000006 382 Motorcycle 0
135.00000000000003 79.00000000000001 77 79 77.00000000000001 267 135.00000000000006 267 Motorcycle 0
204 33.00000000000002 155 33.000000000000014 155 193 204 193 Motorcycle 0
282 3.251437251736223e-14 249 3.0493705298769096e-14 249 87.00000000000003 282 87.00000000000003 Motorcycle 0