207.00000000000003 200 98.00000000000003 200 98.00000000000004 400 207.00000000000006 400 SUV 0
250.00000000000003 204.00000000000003 218 204 218.00000000000006 326 250.00000000000006 326 Motorcycle 0
438 294 400 294 400 454 438 454 Motorcycle 0
57.000000000000036 213 21.00000000000003 213 21.000000000000036 347 57.00000000000004 347 Motorcycle 0
22.000000000000046 286 3.50248984556143e-14 286 4.4332214129134187e-14 438 22.000000000000057 438 Motorcycle 0
97.00000000000003 184 64.00000000000003 184 64.00000000000003 284 97.00000000000003 284 Motorcycle 0
126.00000000000003 204 93.00000000000003 204 93.00000000000003 326 126.00000000000003 326 Motorcycle 0
114.00000000000003 150 90.00000000000003 150 90.00000000000003 240 114.00000000000003 240 Motorcycle 0
147.00000000000003 130 115.00000000000003 130 115.00000000000003 234 147.00000000000006 234 Motorcycle 0
104.00000000000003 101 86 101 86.00000000000001 170 104.00000000000003 170 Motorcycle 0
140 103.00000000000003 123 103.00000000000003 123 171 140 171 Motorcycle 0
178 108.00000000000003 160 108.00000000000003 160 165 178 165 Motorcycle 0
263 107.00000000000003 243 107.00000000000003 243 166.00000000000006 263 166.00000000000006 Motorcycle 0
237.00000000000003 117.00000000000003 160 117.00000000000003 160.00000000000003 236 237.00000000000006 236.00000000000006 Sedan 0
334 247.00000000000003 228.00000000000006 247 228.00000000000006 424 334 424 Sedan 0
422 178.00000000000006 356 178.00000000000006 356 323 422 323 SUV 0
330 120.00000000000003 268 120.00000000000003 268 200.00000000000006 330 200.00000000000006 SUV 0