601 237.00000000000006 459 237.00000000000006 459.00000000000006 582 601 582 SUV 0
487 3.0000000000000524 377 3.000000000000046 377 181.00000000000006 487 181.00000000000006 SUV 0
613 19.00000000000007 514 19.000000000000064 514 215.00000000000006 613 215.00000000000006 SUV 0
584 549 427.0000000000001 549 427.0000000000001 640 584 640 SUV 0
418.00000000000006 292 252.00000000000006 292 252.00000000000006 567 418.0000000000001 567 Sedan 0
179.00000000000003 144 14.000000000000018 144 14.00000000000003 344 179.00000000000006 344 Sedan 0
351 53.000000000000036 254 53.00000000000003 254 212.00000000000006 351 212.00000000000006 Sedan 0
257 12.00000000000003 218 12.000000000000028 218 164.00000000000003 257 164.00000000000006 Motorcycle 0
192 43.00000000000003 161 43.000000000000014 161 175 192 175 Motorcycle 0
77.00000000000001 73 28.000000000000007 73 28.000000000000014 215 77.00000000000003 215 Motorcycle 0
171 1.8614631347039768e-14 133 1.6287802428659797e-14 133 93.00000000000003 171 93.00000000000003 Motorcycle 0
222 2.571758278209442e-14 198 2.4248006623117594e-14 198 98.00000000000003 222 98.00000000000003 Motorcycle 0
313 1.0000000000000362 279 1.0000000000000342 279 61.00000000000003 313 61.00000000000004 Motorcycle 0