442 208.00000000000006 362 208.00000000000006 362 399 442 399 SUV 0
187.00000000000006 329 52.00000000000004 329 52.00000000000004 515 187.00000000000006 515 SUV 0
418 116.00000000000006 361 116.00000000000006 361 224.00000000000006 418 224.00000000000006 SUV 0
230.00000000000003 213 137 213 137.00000000000003 360 230.00000000000006 360 Sedan 0
137.00000000000003 206 42.00000000000003 206 42.000000000000036 336 137.00000000000006 336 Sedan 0
46.00000000000005 339 4.151552649109527e-14 339 5.106777152444463e-14 495 46.00000000000006 495 SUV 0
320.00000000000006 377 209.00000000000006 377 209.00000000000006 519 320.0000000000001 519 Sedan 0
82.00000000000003 132 52.000000000000014 132 52.00000000000002 224 82.00000000000003 224 Motorcycle 0
159.00000000000003 200 132 200 132.00000000000003 304 159.00000000000006 304 Motorcycle 0
106.00000000000006 288 62.00000000000003 288 62.00000000000004 408 106.00000000000006 408 Motorcycle 0
187 114.00000000000003 109 114 109.00000000000003 203 187 203 Sedan 0
277 114.00000000000003 205 114.00000000000003 205 196 277 196.00000000000006 SUV 0
114.00000000000003 117 80.00000000000003 117 80.00000000000003 187 114.00000000000003 187 Motorcycle 0