269.00000000000006 190.00000000000003 44.00000000000003 190 44.00000000000005 602 269.0000000000001 602 Van 0
346 35.000000000000036 191 35.00000000000003 191 289 346 289 Van 0
489 8.000000000000053 384 8.000000000000046 384 223.00000000000006 489 223.00000000000006 Van 0
609 185.00000000000006 493 185.00000000000006 493 431.0000000000001 609 431.0000000000001 Sedan 0
426.0000000000001 287 282 287 282.00000000000006 544 426.0000000000001 544 Sedan 0
617 7.017226159114334e-14 529 6.478381567489498e-14 529 172.00000000000006 617 172.00000000000006 SUV 0
94.00000000000004 215 2.6329906181668095e-14 215 4.574055794815364e-14 532 94.00000000000006 532 SUV 0
590 532 452.0000000000001 532 452.0000000000001 640 590 640 Sedan 0
113 16.00000000000001 72 16.000000000000007 72.00000000000001 151 113.00000000000003 151 Motorcycle 0
38.00000000000002 104 1.2736326711132473e-14 104 2.014543984597396e-14 225 38.00000000000003 225 Motorcycle 0
294 2.865673510004806e-14 174 2.1308854305163947e-14 174 153.00000000000003 294 153.00000000000006 SUV 0