109.00000000000004 174 63.000000000000014 174 63.00000000000003 356 109.00000000000006 356 Motorcycle 0
112.00000000000001 33.000000000000014 64 33.000000000000014 64.00000000000001 184 112.00000000000003 184 Motorcycle 0
52.00000000000002 109 1.334865011070615e-14 109 2.4186774283160226e-14 286 52.00000000000003 286 Motorcycle 0
175 1.8859560706869238e-14 133 1.6287802428659797e-14 133 83.00000000000003 175 83.00000000000003 Motorcycle 0
248 27.00000000000002 127 27.000000000000014 127.00000000000001 207.00000000000003 248 207.00000000000006 SUV 0
600 207.00000000000006 463 207.00000000000006 463.00000000000006 514 600 514 SUV 0
397 327 191.00000000000006 327 191.00000000000006 640 397.0000000000001 640 SUV 0
604 37.000000000000064 513 37.00000000000006 513 221.00000000000006 604 221.00000000000006 SUV 0
476 84.00000000000006 374 84.00000000000006 374 261.00000000000006 476 261.0000000000001 Sedan 0
344 98.00000000000003 225 98.00000000000003 225.00000000000003 267 344 267 Sedan 0
252.00000000000006 307 67.00000000000003 307 67.00000000000004 575 252.00000000000006 575 Sedan 0
82.00000000000004 305 3.735172737399427e-14 305 5.216995364367724e-14 547 82.00000000000006 547 Sedan 0
353 3.7964050773567946e-14 267 3.269806953723433e-14 267 124.00000000000004 353 124.00000000000006 Sedan 0