265.00000000000006 228.00000000000006 63.00000000000003 228 63.00000000000005 578 265.0000000000001 578 SUV 0
455.00000000000006 200.00000000000006 307 200.00000000000006 307.00000000000006 486 455.0000000000001 486 SUV 0
610 237.00000000000006 472 237.00000000000006 472 559 610 559 SUV 0
228.00000000000006 31.000000000000018 75 31.000000000000007 75.00000000000001 240 228.00000000000006 240 SUV 0
615 7.047842329093017e-14 536 6.564106843429813e-14 536 179.00000000000006 615 179.00000000000006 SUV 0
332 123.00000000000003 216 123.00000000000003 216 317 332 317 Sedan 0
81.00000000000006 169 2.069653090559027e-14 169 4.255647627037052e-14 526 81.00000000000006 526 Van 0
389 114.00000000000004 347 114.00000000000003 347 237.00000000000006 389 237.00000000000006 Motorcycle 0
131 19.00000000000001 82 19.000000000000007 82.00000000000001 132 131 132 Motorcycle 0
253 2.8289341060303857e-14 209 2.5595118102179678e-14 209 144.00000000000003 253 144.00000000000006 Motorcycle 0
514 5.73747025400535e-14 423 5.1802559603933043e-14 423 114.00000000000006 514 114.00000000000006 Sedan 0