108.00000000000004 247 2.00000000000003 247 2.0000000000000413 427 108.00000000000006 427 Sedan 0
177.00000000000006 342 46.00000000000004 342 46.00000000000005 516 177.00000000000006 516 Sedan 0
80.00000000000003 151 41.000000000000014 151 41.00000000000002 255 80.00000000000003 255 Motorcycle 0
34.00000000000002 173 2.1186389625249206e-14 173 2.8105644040431754e-14 286 34.00000000000003 286 Bicycle 0
450 118.00000000000006 352 118.00000000000006 352 378 450 378 Truck 0
470.00000000000006 360.00000000000006 347 360 347 521 470.0000000000001 521 Truck 0
300.00000000000006 273 160.00000000000006 273 160.00000000000006 516 300.0000000000001 516 Truck 0
261 123.00000000000003 192 123.00000000000003 192 224.00000000000003 261 224.00000000000006 SUV 0
327 225.00000000000006 248 225.00000000000006 248.00000000000006 428 327 428 SUV 0
337 114.00000000000003 273 114.00000000000003 273 245.00000000000006 337 245.00000000000006 Van 0
185.00000000000003 117.00000000000001 86.00000000000003 117 86.00000000000003 256 185.00000000000006 256 Van 0