315.00000000000006 388 192.00000000000006 388 192.00000000000006 516 315.0000000000001 516 SUV 0
77.00000000000004 290 3.5514757175273243e-14 290 4.898587196589413e-14 510 77.00000000000006 510 SUV 0
428 159.00000000000006 361 159.00000000000006 361 325 428 325 SUV 0
327 176.00000000000006 241 176.00000000000006 241 335 327 335 SUV 0
333 324 294 324 294 458 333 458 Motorcycle 0
159.00000000000003 175 129 175 129.00000000000003 296 159.00000000000006 296 Motorcycle 0
137.00000000000006 268 99.00000000000003 268 99.00000000000004 396 137.00000000000006 396 Motorcycle 0
101.00000000000003 187 67.00000000000003 187 67.00000000000003 305 101.00000000000003 305 Motorcycle 0
70.00000000000003 138 32.000000000000014 138 32.00000000000002 244 70.00000000000003 244 Motorcycle 0
24.00000000000003 214 2.620744150175336e-14 214 3.147342273808698e-14 300 24.000000000000036 300 Motorcycle 0
263 119.00000000000003 197 119.00000000000003 197 208.00000000000006 263 208.00000000000006 SUV 0
171.00000000000006 393 35.00000000000004 393 35.00000000000005 520 171.00000000000006 520 Sedan 0
464.00000000000006 330 348 330 348.00000000000006 520 464.0000000000001 520 Van 0