328 134.00000000000006 260 134.00000000000006 260 294 328 294 Multicab 0
224.00000000000003 203 131 203 131.00000000000003 378 224.00000000000006 378 SUV 0
435 255.00000000000006 353 255.00000000000006 353 431 435 431 SUV 0
317.00000000000006 356 195.00000000000006 356 195.00000000000006 523 317.0000000000001 523 SUV 0
74.00000000000004 279 26.000000000000036 279 26.000000000000043 421 74.00000000000006 421 Motorcycle 0
88.00000000000003 182 50.00000000000003 182 50.000000000000036 304 88.00000000000003 304 Motorcycle 0
138.00000000000003 190 117.00000000000003 190 117.00000000000003 319 138.00000000000006 319 Motorcycle 0
135 125.00000000000001 110.00000000000003 125 110.00000000000003 217 135 217 Motorcycle 0
98 114 63.000000000000014 114 63.00000000000003 197 98.00000000000003 197 Motorcycle 0
254 122.00000000000003 178 122.00000000000003 178 228.00000000000006 254 228.00000000000006 Sedan 0
418 120.00000000000006 372 120.00000000000006 372 193.00000000000006 418 193.00000000000006 Sedan 0