374 24.00000000000004 272 24.000000000000036 272 187.00000000000006 374 187.00000000000006 Sedan 0
591 135.00000000000006 484 135.00000000000006 484 320.0000000000001 591 320.0000000000001 Sedan 0
586 316.00000000000006 447 316 447 585 586 585 Sedan 0
112.00000000000004 264 3.2330675497490123e-14 264 4.702643708725836e-14 504 112.00000000000006 504 Sedan 0
301 3.0248775938939626e-14 193 2.3635683223543918e-14 193 116.00000000000003 301 116.00000000000003 Sedan 0
200 64.00000000000003 149 64.00000000000003 149 231 200 231 Motorcycle 0
94.00000000000003 126 44.000000000000014 126 44.00000000000002 270 94.00000000000003 270 Motorcycle 0
136 14.000000000000014 88 14.00000000000001 88 168 136 168 Motorcycle 0
71.00000000000001 73 18.000000000000007 73 18.000000000000018 243 71.00000000000003 243 Motorcycle 0
181 1.9655581126315017e-14 140 1.7145055188062946e-14 140 81.00000000000003 181 81.00000000000003 Motorcycle 0
405.00000000000006 245.00000000000003 218.00000000000006 245 218.00000000000006 617 405.0000000000001 617 SUV 0
488 33.00000000000005 374 33.00000000000004 374 224.00000000000006 488 224.00000000000006 SUV 0
195.00000000000006 406 4.972066004538254e-14 406 6.404902759540657e-14 640 195.00000000000006 640 Sedan 0
622 7.102951435054649e-14 538 6.58859977941276e-14 538 113.00000000000009 622 113.00000000000009 Sedan 0