424.00000000000006 287 272 287 272.00000000000006 557 424.0000000000001 557 Sedan 0
298 178.00000000000006 153 178 153.00000000000003 388 298 388 Sedan 0
265 21.00000000000003 150 21.00000000000002 150 167.00000000000003 265 167.00000000000006 Sedan 0
591 508.00000000000006 444.0000000000001 508 444.0000000000001 640 591 640 Sedan 0
176.00000000000006 394 4.8251083886405724e-14 394 6.331423951591816e-14 640 176.00000000000006 640 SUV 0
153.00000000000003 139 1.702259050814821e-14 139 3.2453140177404865e-14 391 153.00000000000006 391 SUV 0
608 154.00000000000006 482 154.00000000000006 482 428.0000000000001 608 428.0000000000001 SUV 0
622 24.00000000000007 527 24.000000000000064 527 203.00000000000006 622 203.00000000000006 SUV 0
465 77.00000000000006 362 77.00000000000006 362 267.00000000000006 465 267.0000000000001 SUV 0
497 3.0000000000000555 406 3.0000000000000497 406 150.00000000000006 497 150.00000000000006 SUV 0
484 180.00000000000006 438 180.00000000000006 438 365.00000000000006 484 365.0000000000001 Motorcycle 0
300 251.00000000000006 255.00000000000006 251.00000000000006 255.00000000000006 451 300 451 Motorcycle 0
314 62.000000000000036 273 62.00000000000003 273 196.00000000000006 314 196.00000000000006 Motorcycle 0
195.00000000000003 80.00000000000003 161 80.00000000000003 161 233 195.00000000000006 233 Motorcycle 0
128 89.00000000000003 78 89 78.00000000000001 138 128 138 Motorcycle 0
53.00000000000003 85 3.0000000000000107 85 3.0000000000000195 230 53.00000000000003 230 Motorcycle 0
156 1.732875220793505e-14 127 1.5553014349171386e-14 127 107.00000000000003 156 107.00000000000003 Motorcycle 0